0.00124699 0.00120987 0.00121886 0.0012431  0.00103117 0.00126279
 0.00127775 0.00112928 0.00113872 0.00118401 0.0012322  0.00113357
 0.00112083 0.00124717 0.00122807 0.00105206 0.0014244  0.00140112
 0.00122208 0.00132423 0.00136214 0.00114235 0.001296   0.0010231
 0.00117306 0.00109793 0.00115034 0.00104114 0.00120552 0.00114581
 0.00103912 0.00107666 0.00132317 0.00103532 0.00124071 0.0012194
 0.00126995 0.0011832  0.0012975  0.00114701 0.00099108 0.00148364
 0.00144269 0.00102666 0.00130284 0.00100369 0.00133972 0.00117122
 0.00110925 0.0010255  0.00119002 0.00115532 0.00116197 0.00139163
 0.00109223 0.00128258 0.00135362 0.00104039 0.00115    0.00120282
 0.00083703 0.00146867 0.0013322  0.00098845 0.00122589 0.00104211
 0.00121858 0.00110958 0.00081094 0.0012666  0.00140869 0.00081035
 0.0010069  0.00127529 0.0007983  0.00106943 0.0010417  0.00133618
 0.00107318 0.00118347 0.0010735  0.00115728 0.00123311 0.00108344
 0.00105776 0.00106169 0.00096429 0.00122727 0.0010769  0.00110867
 0.00112897 0.00120422 0.00124599 0.00119342 0.00107042 0.00111946
 0.00121275 0.00118146 0.0010007  0.00116789 0.00119656 0.00121682
 0.00104223 0.00118072 0.00126839 0.00102123 0.00103495 0.00105614
 0.00115746 0.00108365 0.00121787 0.00112564 0.00113886 0.00107108
 0.00126426 0.00132656 0.00114917 0.00107928 0.00141134 0.00108587