0.00094234 0.00139307 0.00145732 0.00111269 0.00122393 0.00107602
 0.00104321 0.00073303 0.00145368 0.0010521  0.0007983  0.00127486
 0.0009639  0.00137669 0.00074757 0.00072957 0.00121323 0.0013594
 0.00125264 0.00104875 0.00077257 0.00131297 0.00123182 0.00139472
 0.00102172 0.00134904 0.00095622 0.00116063 0.00152799 0.00124857
 0.00099341 0.00126419 0.00118847 0.00108327 0.00098059 0.00129525
 0.00075615 0.00125077 0.00115687 0.0011372  0.00152349 0.00108651
 0.00125942 0.00113217 0.00125895 0.00128101 0.00116562 0.00128509
 0.00118963 0.00144529 0.0012984  0.0011205  0.0012421  0.00132849
 0.00132561 0.00109393 0.0016818  0.00121013 0.00116931 0.00108227
 0.00103295 0.00125523 0.0012366  0.0011552  0.00118003 0.0010514
 0.00119621 0.00133232 0.00105325 0.00127567 0.00099812 0.00118536
 0.00123435 0.00119918 0.00147926 0.00132848 0.00102487 0.00133346
 0.00130256 0.00104568 0.00108765 0.00133215 0.00112149 0.00114811