2.999601910828025297e-01
3.404657643312101745e-01
3.714171974522292863e-01
3.931130573248407534e-01
4.111265923566879144e-01
4.117237261146496907e-01
4.232683121019108485e-01
4.314291401273885329e-01
4.396894904458598652e-01
4.464570063694267565e-01
4.543192675159235527e-01
4.569068471337579540e-01
4.639729299363057335e-01
4.703423566878980888e-01
4.762141719745223156e-01
4.785031847133757732e-01
4.749203821656051150e-01
4.901472929936305789e-01
4.949243630573248454e-01
4.933320063694267565e-01
5.018909235668790325e-01
5.087579617834394607e-01
5.114450636942675654e-01
5.136345541401273751e-01
5.135350318471337827e-01
5.159235668789808882e-01
5.185111464968152895e-01
5.163216560509553688e-01
5.239848726114649802e-01
5.268710191082802696e-01
5.298566878980891515e-01
5.349323248407643616e-01
5.305533439490446312e-01
5.403065286624203489e-01
5.328423566878981443e-01
5.482683121019108485e-01
5.346337579617834734e-01
5.478702229299362569e-01
5.411027070063694211e-01
5.540406050955414274e-01
5.506568471337579540e-01
5.500597133757961776e-01
5.581210191082802696e-01
5.503582802547770658e-01
5.626990445859872958e-01
5.625995222929935924e-01
5.580214968152866772e-01
5.572253184713376051e-01
5.623009554140127042e-01
5.625995222929935924e-01
5.666799363057324346e-01
5.647890127388535131e-01
5.683718152866241713e-01
5.712579617834394607e-01
5.686703821656050595e-01
5.761345541401273751e-01
5.806130573248408089e-01
5.740445859872611578e-01
5.781250000000000000e-01
5.763335987261146709e-01
5.867834394904458684e-01
5.861863057324840920e-01
5.836982484076432831e-01
5.840963375796178747e-01
5.874800955414012371e-01
5.889729299363056780e-01
5.847929936305732435e-01
5.954418789808917367e-01
5.876791401273885329e-01
5.881767515923567169e-01
5.872810509554140523e-01
5.959394904458599207e-01
5.954418789808917367e-01
5.953423566878981443e-01
5.973328025477706582e-01
5.990246815286623949e-01
5.930533439490446312e-01
5.949442675159235527e-01
5.999203821656050595e-01
6.024084394904458684e-01
6.002189490445859477e-01
6.062898089171974148e-01
6.007165605095541316e-01
6.039012738853503093e-01
6.032046178343949405e-01
6.136544585987261380e-01
6.109673566878981443e-01
6.076831210191082633e-01
6.078821656050955591e-01
6.127587579617834734e-01
6.022093949044585726e-01
6.110668789808917367e-01
6.091759554140127042e-01
6.158439490445859477e-01
6.134554140127388422e-01
6.113654458598726249e-01
6.141520700636943220e-01
6.150477707006369865e-01
6.178343949044585726e-01
6.184315286624203489e-01
