0
3.235759493670886111e-01
5.512262658227847778e-01
6.339992088607594445e-01
6.747428797468354444e-01
6.990704113924051111e-01
7.133109177215190000e-01
7.271558544303797778e-01
7.418908227848101111e-01
7.545490506329114444e-01
7.665150316455696666e-01
7.782832278481012223e-01
7.872824367088607778e-01
7.949960443037974445e-01
8.029074367088607778e-01
8.090387658227847778e-01
8.153678797468354444e-01
8.222903481012657778e-01
8.257515822784810000e-01
8.300039556962025555e-01
8.346518987341772222e-01
8.375197784810126667e-01
8.425632911392405555e-01
8.460245253164556667e-01
8.499802215189873333e-01
8.521558544303797778e-01
8.553204113924051111e-01
8.577927215189873333e-01
8.601661392405063333e-01
8.613528481012657778e-01
8.627373417721518889e-01
8.656052215189873333e-01
8.672863924050633333e-01
8.693631329113924444e-01
8.714398734177215555e-01
8.733188291139240000e-01
8.743077531645570000e-01
8.754944620253164445e-01
8.768789556962025555e-01
8.773734177215190000e-01
8.779667721518987777e-01
8.797468354430380000e-01
8.805379746835443333e-01
8.798457278481012223e-01
8.807357594936708889e-01
8.813291139240506666e-01
8.816257911392405555e-01
8.825158227848101111e-01
8.837025316455696666e-01
8.839992088607594445e-01
8.843947784810126667e-01
8.847903481012657778e-01
8.853837025316455556e-01
8.858781645569620000e-01
8.866693037974683334e-01
8.868670886075948889e-01
8.870648734177215555e-01
8.880537974683544444e-01
8.888449367088607778e-01
8.891416139240506666e-01
8.894382911392405555e-01
8.906250000000000000e-01
8.911194620253164445e-01
8.911194620253164445e-01
8.922072784810126667e-01
8.924050632911392222e-01
8.924050632911392222e-01
8.931962025316455556e-01
8.936906645569620000e-01
8.938884493670885556e-01
8.946795886075948889e-01
8.949762658227847778e-01
8.954707278481012223e-01
8.958662974683544444e-01
8.962618670886075556e-01
8.966574367088607778e-01
8.967563291139240000e-01
8.969541139240506666e-01
8.969541139240506666e-01
8.970530063291138889e-01
8.969541139240506666e-01
8.970530063291138889e-01
8.976463607594936667e-01
8.983386075949366667e-01
8.983386075949366667e-01
8.984375000000000000e-01
8.983386075949366667e-01
8.992286392405063333e-01
8.995253164556962222e-01
9.002175632911392222e-01
9.002175632911392222e-01
9.004153481012657778e-01
9.002175632911392222e-01
9.000197784810126667e-01
9.011075949367088889e-01
9.010087025316455556e-01
9.013053797468354444e-01
9.016020569620253333e-01
9.015031645569620000e-01
9.015031645569620000e-01
9.019976265822784445e-01
9.021954113924051111e-01
9.021954113924051111e-01
9.020965189873417778e-01
9.021954113924051111e-01
9.021954113924051111e-01
9.023931962025316666e-01
9.024920886075948889e-01
9.024920886075948889e-01
9.023931962025316666e-01
9.023931962025316666e-01
9.026898734177215555e-01
9.029865506329114444e-01
9.033821202531645556e-01
9.033821202531645556e-01
9.037776898734176667e-01
9.039754746835443333e-01
9.040743670886075556e-01
9.043710443037974445e-01
9.038765822784810000e-01
9.044699367088607778e-01
9.044699367088607778e-01
9.043710443037974445e-01
9.047666139240506666e-01
9.041732594936708889e-01
9.046677215189873333e-01
9.047666139240506666e-01
9.052610759493671111e-01
9.054588607594936667e-01
9.055577531645570000e-01
9.063488924050633333e-01
9.058544303797468888e-01
9.060522151898734444e-01
9.073378164556962222e-01
9.070411392405063333e-01
9.069422468354430000e-01
9.071400316455696666e-01
9.072389240506328889e-01
9.077333860759493334e-01
9.080300632911392222e-01
9.078322784810126667e-01
9.079311708860760000e-01
9.083267405063291111e-01
9.086234177215190000e-01
9.083267405063291111e-01
9.084256329113924444e-01
9.087223101265823333e-01
9.087223101265823333e-01
9.092167721518987777e-01
9.090189873417721111e-01
9.093156645569620000e-01
9.098101265822784445e-01
9.099090189873417778e-01
9.097112341772152222e-01
9.098101265822784445e-01
9.098101265822784445e-01
9.100079113924051111e-01
9.100079113924051111e-01
9.102056962025316666e-01
9.104034810126582222e-01
9.106012658227847778e-01
9.106012658227847778e-01
9.109968354430380000e-01
9.109968354430380000e-01
9.111946202531645556e-01
9.110957278481012223e-01
9.111946202531645556e-01
9.114912974683544444e-01
9.116890822784810000e-01
9.115901898734176667e-01
9.114912974683544444e-01
9.114912974683544444e-01
9.120846518987342222e-01
9.118868670886075556e-01
9.123813291139240000e-01
9.122824367088607778e-01
9.118868670886075556e-01
9.122824367088607778e-01
9.123813291139240000e-01
9.123813291139240000e-01
9.125791139240506666e-01
9.127768987341772222e-01
9.128757911392405555e-01
9.129746835443037778e-01
9.128757911392405555e-01
9.133702531645570000e-01
9.129746835443037778e-01
9.126780063291138889e-01
9.125791139240506666e-01
9.125791139240506666e-01
9.130735759493671111e-01
9.133702531645570000e-01
9.135680379746835555e-01
9.134691455696202222e-01
9.136669303797468888e-01
9.136669303797468888e-01
9.138647151898734444e-01
9.139636075949366667e-01
9.141613924050633333e-01
9.142602848101265556e-01
9.144580696202531112e-01
