3.384098101265822778e-01
4.900118670886076111e-01
5.829707278481012223e-01
6.419106012658227778e-01
6.753362341772152222e-01
6.940268987341772222e-01
7.060917721518987777e-01
7.167721518987342222e-01
7.216178797468354444e-01
7.271558544303797778e-01
7.322982594936708889e-01
7.406052215189873333e-01
7.497033227848101111e-01
7.570213607594936667e-01
7.636471518987342222e-01
7.687895569620253333e-01
7.737341772151898889e-01
7.791732594936708889e-01
7.843156645569620000e-01
7.886669303797468888e-01
7.946004746835443333e-01
8.004351265822784445e-01
8.052808544303797778e-01
8.095332278481012223e-01
8.128955696202531112e-01
8.166534810126582222e-01
8.208069620253164445e-01
8.248615506329114444e-01
8.279272151898734444e-01
8.305973101265823333e-01
8.338607594936708889e-01
8.369264240506328889e-01
8.386075949367088889e-01
8.414754746835443333e-01
8.435522151898734444e-01
8.456289556962025555e-01
8.476068037974683334e-01
8.492879746835443333e-01
8.511669303797468888e-01
8.529469936708861111e-01
8.536392405063291111e-01
8.555181962025316666e-01
8.576938291139240000e-01
8.590783227848101111e-01
8.607594936708861111e-01
8.620450949367088889e-01
8.631329113924051111e-01
8.640229430379746667e-01
8.656052215189873333e-01
8.665941455696202222e-01
8.672863924050633333e-01
8.681764240506328889e-01
8.682753164556962222e-01
8.683742088607594445e-01
8.701542721518987777e-01
8.713409810126582222e-01
8.714398734177215555e-01
8.721321202531645556e-01
8.731210443037974445e-01
8.738132911392405555e-01
8.748022151898734444e-01
8.746044303797468888e-01
8.753955696202531112e-01
8.758900316455696666e-01
8.764833860759493334e-01
8.763844936708861111e-01
8.772745253164556667e-01
8.774723101265823333e-01
8.778678797468354444e-01
8.784612341772152222e-01
8.789556962025316666e-01
8.801424050632911111e-01
8.807357594936708889e-01
8.811313291139240000e-01
8.817246835443037778e-01
8.821202531645570000e-01
8.817246835443037778e-01
8.821202531645570000e-01
8.827136075949366667e-01
8.836036392405063333e-01
8.836036392405063333e-01
8.840981012658227778e-01
8.842958860759493334e-01
8.847903481012657778e-01
8.847903481012657778e-01
8.848892405063291111e-01
8.849881329113924444e-01
8.849881329113924444e-01
8.853837025316455556e-01
8.862737341772152222e-01
8.862737341772152222e-01
8.869659810126582222e-01
8.869659810126582222e-01
8.870648734177215555e-01
8.870648734177215555e-01
8.880537974683544444e-01
8.881526898734176667e-01
8.885482594936708889e-01
8.889438291139240000e-01
8.889438291139240000e-01
8.892405063291138889e-01
8.892405063291138889e-01
8.894382911392405555e-01
8.897349683544303334e-01
8.901305379746835555e-01
8.903283227848101111e-01
8.904272151898734444e-01
8.905261075949366667e-01
8.908227848101265556e-01
8.911194620253164445e-01
8.912183544303797778e-01
8.915150316455696666e-01
8.916139240506328889e-01
8.921083860759493334e-01
8.922072784810126667e-01
8.927017405063291111e-01
8.928006329113924444e-01
8.928995253164556667e-01
8.930973101265823333e-01
8.936906645569620000e-01
8.932950949367088889e-01
8.937895569620253333e-01
8.939873417721518889e-01
8.940862341772152222e-01
8.944818037974683334e-01
8.945806962025316666e-01
8.945806962025316666e-01
8.949762658227847778e-01
8.946795886075948889e-01
8.956685126582278889e-01
8.959651898734176667e-01
8.957674050632911111e-01
8.961629746835443333e-01
8.966574367088607778e-01
8.964596518987342222e-01
8.966574367088607778e-01
8.969541139240506666e-01
8.970530063291138889e-01
8.973496835443037778e-01
8.976463607594936667e-01
8.982397151898734444e-01
8.983386075949366667e-01
8.981408227848101111e-01
8.986352848101265556e-01
8.984375000000000000e-01
8.987341772151898889e-01
8.986352848101265556e-01
8.987341772151898889e-01
8.990308544303797778e-01
8.991297468354430000e-01
8.991297468354430000e-01
8.992286392405063333e-01
8.995253164556962222e-01
8.999208860759493334e-01
9.001186708860760000e-01
9.001186708860760000e-01
9.001186708860760000e-01
8.999208860759493334e-01
9.001186708860760000e-01
9.000197784810126667e-01
9.001186708860760000e-01
9.003164556962025555e-01
9.004153481012657778e-01
9.005142405063291111e-01
9.008109177215190000e-01
9.008109177215190000e-01
9.009098101265823333e-01
9.009098101265823333e-01
9.013053797468354444e-01
9.013053797468354444e-01
9.016020569620253333e-01
9.020965189873417778e-01
9.021954113924051111e-01
9.019976265822784445e-01
9.021954113924051111e-01
9.025909810126582222e-01
9.028876582278481111e-01
9.031843354430380000e-01
9.034810126582278889e-01
9.034810126582278889e-01
9.035799050632911111e-01
9.037776898734176667e-01
9.037776898734176667e-01
9.037776898734176667e-01
9.040743670886075556e-01
9.035799050632911111e-01
9.038765822784810000e-01
9.041732594936708889e-01
9.038765822784810000e-01
9.038765822784810000e-01
9.039754746835443333e-01
9.040743670886075556e-01
9.041732594936708889e-01
9.042721518987342222e-01
9.041732594936708889e-01
9.039754746835443333e-01
9.044699367088607778e-01
9.043710443037974445e-01
9.043710443037974445e-01
9.044699367088607778e-01
