0
6.094738924050633333e-01
7.056962025316455556e-01
7.217167721518987777e-01
7.349683544303797778e-01
7.599881329113924444e-01
7.781843354430380000e-01
7.952927215189873333e-01
8.108188291139240000e-01
8.229825949367088889e-01
8.366297468354430000e-01
8.459256329113924444e-01
8.525514240506328889e-01
8.585838607594936667e-01
8.640229430379746667e-01
8.675830696202531112e-01
8.701542721518987777e-01
8.727254746835443333e-01
8.746044303797468888e-01
8.766811708860760000e-01
8.781645569620253333e-01
8.810324367088607778e-01
8.825158227848101111e-01
8.842958860759493334e-01
8.856803797468354444e-01
8.866693037974683334e-01
8.876582278481012223e-01
8.892405063291138889e-01
8.901305379746835555e-01
8.910205696202531112e-01
8.917128164556962222e-01
8.923061708860760000e-01
8.932950949367088889e-01
8.937895569620253333e-01
8.942840189873417778e-01
8.944818037974683334e-01
8.950751582278481111e-01
8.958662974683544444e-01
8.965585443037974445e-01
8.973496835443037778e-01
8.974485759493671111e-01
8.978441455696202222e-01
8.978441455696202222e-01
8.987341772151898889e-01
8.990308544303797778e-01
8.995253164556962222e-01
8.998219936708861111e-01
9.005142405063291111e-01
9.010087025316455556e-01
9.016020569620253333e-01
9.013053797468354444e-01
9.019976265822784445e-01
9.021954113924051111e-01
9.026898734177215555e-01
9.029865506329114444e-01
9.031843354430380000e-01
9.033821202531645556e-01
9.041732594936708889e-01
9.041732594936708889e-01
9.042721518987342222e-01
9.044699367088607778e-01
9.043710443037974445e-01
9.051621835443037778e-01
9.054588607594936667e-01
9.060522151898734444e-01
9.066455696202531112e-01
9.069422468354430000e-01
9.068433544303797778e-01
9.077333860759493334e-01
9.079311708860760000e-01
9.079311708860760000e-01
9.083267405063291111e-01
9.079311708860760000e-01
9.085245253164556667e-01
9.094145569620253333e-01
9.094145569620253333e-01
9.097112341772152222e-01
9.096123417721518889e-01
9.100079113924051111e-01
9.099090189873417778e-01
9.106012658227847778e-01
9.109968354430380000e-01
9.110957278481012223e-01
9.114912974683544444e-01
9.112935126582278889e-01
9.118868670886075556e-01
9.117879746835443333e-01
9.119857594936708889e-01
9.118868670886075556e-01
9.120846518987342222e-01
9.122824367088607778e-01
9.124802215189873333e-01
9.126780063291138889e-01
9.129746835443037778e-01
9.135680379746835555e-01
9.136669303797468888e-01
9.140625000000000000e-01
9.141613924050633333e-01
9.139636075949366667e-01
9.143591772151898889e-01
9.146558544303797778e-01
9.147547468354430000e-01
9.148536392405063333e-01
9.151503164556962222e-01
9.146558544303797778e-01
9.150514240506328889e-01
9.153481012658227778e-01
9.154469936708861111e-01
9.152492088607594445e-01
9.156447784810126667e-01
9.161392405063291111e-01
9.162381329113924444e-01
9.162381329113924444e-01
9.165348101265823333e-01
9.170292721518987777e-01
9.170292721518987777e-01
9.178204113924051111e-01
9.176226265822784445e-01
9.180181962025316666e-01
9.175237341772152222e-01
9.180181962025316666e-01
9.181170886075948889e-01
9.183148734177215555e-01
9.186115506329114444e-01
9.190071202531645556e-01
9.194026898734176667e-01
9.195015822784810000e-01
9.191060126582278889e-01
9.194026898734176667e-01
9.196993670886075556e-01
9.199960443037974445e-01
9.196004746835443333e-01
9.200949367088607778e-01
9.201938291139240000e-01
9.203916139240506666e-01
9.205893987341772222e-01
9.205893987341772222e-01
9.209849683544303334e-01
9.210838607594936667e-01
9.208860759493671111e-01
9.211827531645570000e-01
9.211827531645570000e-01
9.212816455696202222e-01
9.214794303797468888e-01
9.216772151898734444e-01
9.216772151898734444e-01
9.217761075949366667e-01
9.219738924050633333e-01
9.219738924050633333e-01
9.223694620253164445e-01
9.223694620253164445e-01
9.228639240506328889e-01
9.224683544303797778e-01
9.225672468354430000e-01
9.227650316455696666e-01
9.230617088607594445e-01
9.229628164556962222e-01
9.231606012658227778e-01
9.231606012658227778e-01
9.233583860759493334e-01
9.235561708860760000e-01
9.236550632911392222e-01
9.236550632911392222e-01
9.238528481012657778e-01
9.241495253164556667e-01
9.241495253164556667e-01
9.241495253164556667e-01
9.244462025316455556e-01
9.245450949367088889e-01
9.247428797468354444e-01
9.246439873417721111e-01
9.248417721518987777e-01
9.246439873417721111e-01
9.250395569620253333e-01
9.250395569620253333e-01
9.250395569620253333e-01
9.251384493670885556e-01
9.252373417721518889e-01
9.253362341772152222e-01
9.251384493670885556e-01
9.249406645569620000e-01
9.251384493670885556e-01
9.255340189873417778e-01
9.254351265822784445e-01
9.256329113924051111e-01
9.255340189873417778e-01
9.257318037974683334e-01
9.260284810126582222e-01
9.259295886075948889e-01
9.258306962025316666e-01
9.263251582278481111e-01
9.267207278481012223e-01
9.265229430379746667e-01
9.266218354430380000e-01
9.267207278481012223e-01
9.269185126582278889e-01
9.272151898734176667e-01
9.271162974683544444e-01
9.274129746835443333e-01
9.273140822784810000e-01
9.276107594936708889e-01
