2.312104430379746944e-01
3.303995253164557222e-01
3.751977848101265556e-01
3.943829113924050556e-01
4.104034810126582222e-01
4.291930379746835555e-01
4.352254746835442778e-01
4.476859177215190000e-01
4.489715189873417778e-01
4.611352848101265556e-01
4.649920886075949444e-01
4.722112341772151667e-01
4.776503164556962222e-01
4.804193037974683334e-01
4.848694620253164445e-01
4.892207278481012778e-01
4.921875000000000000e-01
4.947587025316455556e-01
5.005933544303797778e-01
5.021756329113924444e-01
5.102848101265823333e-01
5.124604430379746667e-01
5.146360759493671111e-01
5.145371835443037778e-01
5.161194620253164445e-01
5.240308544303797778e-01
5.208662974683544444e-01
5.282832278481012223e-01
5.281843354430380000e-01
5.289754746835443333e-01
5.297666139240506666e-01
5.314477848101265556e-01
5.344145569620253333e-01
5.380735759493671111e-01
5.346123417721518889e-01
5.406447784810126667e-01
5.412381329113924444e-01
5.442049050632911111e-01
5.482594936708861111e-01
5.471716772151898889e-01
5.457871835443037778e-01
5.523140822784810000e-01
5.470727848101265556e-01
5.507318037974683334e-01
5.553797468354430000e-01
5.541930379746835555e-01
5.546875000000000000e-01
5.577531645569620000e-01
5.552808544303797778e-01
5.567642405063291111e-01
5.592365506329114444e-01
5.595332278481012223e-01
5.587420886075948889e-01
5.591376582278481111e-01
5.608188291139240000e-01
5.585443037974683334e-01
5.629944620253164445e-01
5.638844936708861111e-01
5.613132911392405555e-01
5.626977848101265556e-01
5.650712025316455556e-01
5.648734177215190000e-01
5.650712025316455556e-01
5.639833860759493334e-01
5.669501582278481111e-01
5.670490506329114444e-01
5.668512658227847778e-01
5.648734177215190000e-01
5.679390822784810000e-01
5.684335443037974445e-01
5.674446202531645556e-01
5.671479430379746667e-01
5.673457278481012223e-01
5.698180379746835555e-01
5.656645569620253333e-01
5.689280063291138889e-01
5.703125000000000000e-01
5.665545886075948889e-01
5.729825949367088889e-01
5.692246835443037778e-01
5.691257911392405555e-01
5.693235759493671111e-01
5.685324367088607778e-01
5.691257911392405555e-01
5.691257911392405555e-01
5.674446202531645556e-01
5.681368670886075556e-01
5.700158227848101111e-01
5.677412974683544444e-01
5.667523734177215555e-01
5.673457278481012223e-01
5.653678797468354444e-01
5.690268987341772222e-01
5.695213607594936667e-01
5.675435126582278889e-01
5.661590189873417778e-01
5.676424050632911111e-01
5.677412974683544444e-01
5.688291139240506666e-01
5.676424050632911111e-01
5.666534810126582222e-01
5.677412974683544444e-01
5.670490506329114444e-01
5.627966772151898889e-01
5.652689873417721111e-01
5.655656645569620000e-01
5.655656645569620000e-01
5.637856012658227778e-01
5.643789556962025555e-01
5.663568037974683334e-01
5.617088607594936667e-01
5.654667721518987777e-01
5.640822784810126667e-01
5.620055379746835555e-01
5.638844936708861111e-01
5.667523734177215555e-01
5.631922468354430000e-01
5.617088607594936667e-01
5.631922468354430000e-01
5.647745253164556667e-01
5.639833860759493334e-01
5.620055379746835555e-01
5.639833860759493334e-01
5.649723101265823333e-01
5.607199367088607778e-01
5.637856012658227778e-01
5.631922468354430000e-01
5.623022151898734444e-01
5.648734177215190000e-01
5.640822784810126667e-01
5.643789556962025555e-01
5.625000000000000000e-01
5.624011075949366667e-01
5.633900316455696666e-01
5.628955696202531112e-01
5.636867088607594445e-01
5.630933544303797778e-01
5.629944620253164445e-01
5.630933544303797778e-01
5.628955696202531112e-01
5.627966772151898889e-01
5.618077531645570000e-01
5.621044303797468888e-01
5.641811708860760000e-01
5.618077531645570000e-01
5.656645569620253333e-01
5.629944620253164445e-01
5.633900316455696666e-01
5.619066455696202222e-01
5.627966772151898889e-01
5.621044303797468888e-01
5.633900316455696666e-01
5.623022151898734444e-01
5.631922468354430000e-01
5.624011075949366667e-01
5.617088607594936667e-01
5.612143987341772222e-01
5.618077531645570000e-01
5.616099683544303334e-01
5.635878164556962222e-01
5.624011075949366667e-01
5.631922468354430000e-01
5.638844936708861111e-01
5.608188291139240000e-01
5.611155063291138889e-01
5.625988924050633333e-01
5.624011075949366667e-01
5.624011075949366667e-01
5.625988924050633333e-01
5.607199367088607778e-01
5.623022151898734444e-01
5.602254746835443333e-01
5.610166139240506666e-01
5.606210443037974445e-01
5.605221518987342222e-01
5.616099683544303334e-01
5.593354430379746667e-01
5.601265822784810000e-01
5.601265822784810000e-01
5.619066455696202222e-01
5.588409810126582222e-01
5.583465189873417778e-01
5.621044303797468888e-01
5.602254746835443333e-01
5.585443037974683334e-01
5.592365506329114444e-01
5.610166139240506666e-01
5.604232594936708889e-01
5.594343354430380000e-01
5.600276898734176667e-01
5.583465189873417778e-01
5.591376582278481111e-01
5.584454113924051111e-01
5.599287974683544444e-01
5.572587025316455556e-01
5.565664556962025555e-01
5.583465189873417778e-01
5.578520569620253333e-01
5.574564873417721111e-01
5.566653481012657778e-01
