2.040150316455696111e-01
2.537579113924050556e-01
2.900514240506328889e-01
3.108188291139240556e-01
3.345530063291139444e-01
3.478045886075949444e-01
3.717365506329113889e-01
3.624406645569620000e-01
3.708465189873417778e-01
3.736155063291139444e-01
3.853837025316455556e-01
3.999208860759493889e-01
4.013053797468354444e-01
4.189082278481012778e-01
4.085245253164557222e-01
4.148536392405063333e-01
4.329509493670886111e-01
4.288963607594936667e-01
4.128757911392405000e-01
4.105023734177215000e-01
4.185126582278481111e-01
4.392800632911392222e-01
4.301819620253164445e-01
4.495648734177215000e-01
4.427412974683544444e-01
4.352254746835442778e-01
4.564873417721518889e-01
4.501582278481012778e-01
4.527294303797468333e-01
4.421479430379746667e-01
4.674643987341772222e-01
4.508504746835442778e-01
4.454113924050632778e-01
4.574762658227848333e-01
4.661787974683544444e-01
4.719145569620253333e-01
4.749802215189873333e-01
4.782436708860759444e-01
4.540150316455696111e-01
4.693433544303797222e-01
4.860561708860759444e-01
4.674643987341772222e-01
4.765625000000000000e-01
4.818037974683544444e-01
4.757713607594936667e-01
4.808148734177215000e-01
4.859572784810126667e-01
4.847705696202531667e-01
4.904074367088607778e-01
4.856606012658227778e-01
4.960443037974683334e-01
4.910007911392405000e-01
4.951542721518987222e-01
4.985166139240506111e-01
4.894185126582278333e-01
5.054390822784810000e-01
4.896162974683544444e-01
4.947587025316455556e-01
5.009889240506328889e-01
4.818037974683544444e-01
4.916930379746835555e-01
5.032634493670885556e-01
5.047468354430380000e-01
5.091969936708861111e-01
5.079113924050633333e-01
5.070213607594936667e-01
5.079113924050633333e-01
5.128560126582278889e-01
5.162183544303797778e-01
4.944620253164557222e-01
5.051424050632911111e-01
4.969343354430380000e-01
5.099881329113924444e-01
5.043512658227847778e-01
5.190862341772152222e-01
5.068235759493671111e-01
5.163172468354430000e-01
5.100870253164556667e-01
5.163172468354430000e-01
5.052412974683544444e-01
5.087025316455696666e-01
5.130537974683544444e-01
5.222507911392405555e-01
5.050435126582278889e-01
5.173061708860760000e-01
5.317444620253164445e-01
5.238330696202531112e-01
5.215585443037974445e-01
5.194818037974683334e-01
5.221518987341772222e-01
5.153283227848101111e-01
5.287776898734176667e-01
5.300632911392405555e-01
5.266020569620253333e-01
5.217563291139240000e-01
5.188884493670885556e-01
5.255142405063291111e-01
5.205696202531645556e-01
5.368868670886075556e-01
5.241297468354430000e-01
5.244264240506328889e-01
5.255142405063291111e-01
5.296677215189873333e-01
5.183939873417721111e-01
5.299643987341772222e-01
5.366890822784810000e-01
5.366890822784810000e-01
5.345134493670885556e-01
5.337223101265823333e-01
5.302610759493671111e-01
5.269976265822784445e-01
5.061313291139240000e-01
5.356012658227847778e-01
5.318433544303797778e-01
5.304588607594936667e-01
5.385680379746835555e-01
5.407436708860760000e-01
5.418314873417721111e-01
5.341178797468354444e-01
5.440071202531645556e-01
5.391613924050633333e-01
5.326344936708861111e-01
5.400514240506328889e-01
5.294699367088607778e-01
5.331289556962025555e-01
5.275909810126582222e-01
5.473694620253164445e-01
5.296677215189873333e-01
5.465783227848101111e-01
5.381724683544303334e-01
5.312500000000000000e-01
5.304588607594936667e-01
5.447982594936708889e-01
5.423259493670885556e-01
5.325356012658227778e-01
5.395569620253164445e-01
5.268987341772152222e-01
5.422270569620253333e-01
5.503362341772152222e-01
5.364912974683544444e-01
5.344145569620253333e-01
5.369857594936708889e-01
5.429193037974683334e-01
5.441060126582278889e-01
5.388647151898734444e-01
5.281843354430380000e-01
5.364912974683544444e-01
5.403481012658227778e-01
5.360957278481012223e-01
5.347112341772152222e-01
5.396558544303797778e-01
5.400514240506328889e-01
5.461827531645570000e-01
5.433148734177215555e-01
5.358979430379746667e-01
5.374802215189873333e-01
5.416337025316455556e-01
5.488528481012657778e-01
5.373813291139240000e-01
5.396558544303797778e-01
5.338212025316455556e-01
5.434137658227847778e-01
5.388647151898734444e-01
5.376780063291138889e-01
5.392602848101265556e-01
5.475672468354430000e-01
5.469738924050633333e-01
5.404469936708861111e-01
5.427215189873417778e-01
5.456882911392405555e-01
5.392602848101265556e-01
5.407436708860760000e-01
5.484572784810126667e-01
5.412381329113924444e-01
5.414359177215190000e-01
5.386669303797468888e-01
5.392602848101265556e-01
5.335245253164556667e-01
5.407436708860760000e-01
5.416337025316455556e-01
5.454905063291138889e-01
5.446993670886075556e-01
5.422270569620253333e-01
5.412381329113924444e-01
5.464794303797468888e-01
5.353045886075948889e-01
5.369857594936708889e-01
5.252175632911392222e-01
5.448971518987342222e-01
5.486550632911392222e-01
5.480617088607594445e-01
5.440071202531645556e-01
5.424248417721518889e-01
5.446004746835443333e-01
5.435126582278481111e-01
5.323378164556962222e-01
5.427215189873417778e-01
5.440071202531645556e-01
5.455893987341772222e-01
5.451938291139240000e-01
