1.763251582278481111e-01
2.957871835443037778e-01
4.008109177215190000e-01
5.042523734177215555e-01
5.769382911392405555e-01
6.260878164556962222e-01
6.577333860759493334e-01
6.791930379746835555e-01
6.936313291139240000e-01
7.024327531645570000e-01
7.099485759493671111e-01
7.134098101265823333e-01
7.162776898734176667e-01
7.186511075949366667e-01
7.239912974683544444e-01
7.248813291139240000e-01
7.259691455696202222e-01
7.281447784810126667e-01
7.328916139240506666e-01
7.358583860759493334e-01
7.394185126582278889e-01
7.449564873417721111e-01
7.489121835443037778e-01
7.533623417721518889e-01
7.569224683544303334e-01
7.619659810126582222e-01
7.660205696202531112e-01
7.718552215189873333e-01
7.764042721518987777e-01
7.801621835443037778e-01
7.850079113924051111e-01
7.880735759493671111e-01
7.904469936708861111e-01
7.937104430379746667e-01
7.973694620253164445e-01
8.009295886075948889e-01
8.032041139240506666e-01
8.055775316455696666e-01
8.084454113924051111e-01
8.109177215189873333e-01
8.128955696202531112e-01
8.157634493670885556e-01
8.172468354430380000e-01
8.203125000000000000e-01
8.231803797468354444e-01
8.246637658227847778e-01
8.264438291139240000e-01
8.276305379746835555e-01
8.302017405063291111e-01
8.316851265822784445e-01
8.335640822784810000e-01
8.360363924050633333e-01
8.381131329113924444e-01
8.396954113924051111e-01
8.418710443037974445e-01
8.437500000000000000e-01
8.456289556962025555e-01
8.472112341772152222e-01
8.484968354430380000e-01
8.497824367088607778e-01
8.505735759493671111e-01
8.511669303797468888e-01
8.525514240506328889e-01
8.535403481012657778e-01
8.543314873417721111e-01
8.556170886075948889e-01
8.571993670886075556e-01
8.574960443037974445e-01
8.591772151898734444e-01
8.609572784810126667e-01
8.625395569620253333e-01
8.637262658227847778e-01
8.648140822784810000e-01
8.650118670886075556e-01
8.648140822784810000e-01
8.655063291139240000e-01
8.660996835443037778e-01
8.663963607594936667e-01
8.672863924050633333e-01
8.673852848101265556e-01
8.675830696202531112e-01
8.680775316455696666e-01
8.684731012658227778e-01
8.686708860759493334e-01
8.691653481012657778e-01
8.690664556962025555e-01
8.709454113924051111e-01
8.717365506329114444e-01
8.711431962025316666e-01
8.714398734177215555e-01
8.724287974683544444e-01
8.729232594936708889e-01
8.732199367088607778e-01
8.734177215189873333e-01
8.745055379746835555e-01
8.750988924050633333e-01
8.755933544303797778e-01
8.757911392405063333e-01
8.761867088607594445e-01
8.763844936708861111e-01
8.764833860759493334e-01
8.770767405063291111e-01
8.769778481012657778e-01
8.773734177215190000e-01
8.771756329113924444e-01
8.774723101265823333e-01
8.776700949367088889e-01
8.780656645569620000e-01
8.785601265822784445e-01
8.790545886075948889e-01
8.793512658227847778e-01
8.796479430379746667e-01
8.804390822784810000e-01
8.805379746835443333e-01
8.805379746835443333e-01
8.798457278481012223e-01
8.815268987341772222e-01
8.813291139240506666e-01
8.814280063291138889e-01
8.823180379746835555e-01
8.822191455696202222e-01
8.834058544303797778e-01
8.839992088607594445e-01
8.842958860759493334e-01
8.841969936708861111e-01
8.836036392405063333e-01
8.844936708860760000e-01
8.844936708860760000e-01
8.846914556962025555e-01
8.852848101265823333e-01
8.853837025316455556e-01
8.854825949367088889e-01
8.867681962025316666e-01
8.862737341772152222e-01
8.861748417721518889e-01
8.866693037974683334e-01
8.867681962025316666e-01
8.872626582278481111e-01
8.876582278481012223e-01
8.879549050632911111e-01
8.879549050632911111e-01
8.885482594936708889e-01
8.883504746835443333e-01
8.885482594936708889e-01
8.886471518987342222e-01
8.889438291139240000e-01
8.894382911392405555e-01
8.899327531645570000e-01
8.900316455696202222e-01
8.900316455696202222e-01
8.905261075949366667e-01
8.904272151898734444e-01
8.914161392405063333e-01
8.915150316455696666e-01
8.919106012658227778e-01
8.919106012658227778e-01
8.919106012658227778e-01
8.920094936708861111e-01
8.921083860759493334e-01
8.923061708860760000e-01
8.923061708860760000e-01
8.927017405063291111e-01
8.928006329113924444e-01
8.918117088607594445e-01
8.920094936708861111e-01
8.921083860759493334e-01
8.922072784810126667e-01
8.925039556962025555e-01
8.926028481012657778e-01
8.928006329113924444e-01
8.930973101265823333e-01
8.931962025316455556e-01
8.932950949367088889e-01
8.932950949367088889e-01
8.931962025316455556e-01
8.931962025316455556e-01
8.936906645569620000e-01
8.938884493670885556e-01
8.939873417721518889e-01
8.940862341772152222e-01
8.942840189873417778e-01
8.946795886075948889e-01
8.944818037974683334e-01
8.947784810126582222e-01
8.949762658227847778e-01
8.947784810126582222e-01
8.947784810126582222e-01
8.950751582278481111e-01
8.951740506329114444e-01
8.954707278481012223e-01
8.956685126582278889e-01
8.964596518987342222e-01
8.964596518987342222e-01
8.965585443037974445e-01
8.966574367088607778e-01
8.965585443037974445e-01
8.974485759493671111e-01
8.976463607594936667e-01
8.969541139240506666e-01
8.976463607594936667e-01
