2.236946202531645556e-01
3.472112341772151667e-01
4.479825949367088334e-01
5.238330696202531112e-01
5.723892405063291111e-01
6.087816455696202222e-01
6.290545886075948889e-01
6.448773734177215555e-01
6.552610759493671111e-01
6.633702531645570000e-01
6.714794303797468888e-01
6.799841772151898889e-01
6.863132911392405555e-01
6.923457278481012223e-01
6.960047468354430000e-01
7.011471518987342222e-01
7.073773734177215555e-01
7.140031645569620000e-01
7.198378164556962222e-01
7.262658227848101111e-01
7.338805379746835555e-01
7.394185126582278889e-01
7.449564873417721111e-01
7.492088607594936667e-01
7.536590189873417778e-01
7.572191455696202222e-01
7.609770569620253333e-01
7.644382911392405555e-01
7.674050632911392222e-01
7.714596518987342222e-01
7.766020569620253333e-01
7.807555379746835555e-01
7.841178797468354444e-01
7.867879746835443333e-01
7.896558544303797778e-01
7.927215189873417778e-01
7.957871835443037778e-01
7.990506329113924444e-01
8.020174050632911111e-01
8.060719936708861111e-01
8.081487341772152222e-01
8.104232594936708889e-01
8.126977848101265556e-01
8.137856012658227778e-01
8.154667721518987777e-01
8.167523734177215555e-01
8.189280063291138889e-01
8.208069620253164445e-01
8.234770569620253333e-01
8.251582278481012223e-01
8.276305379746835555e-01
8.308939873417721111e-01
8.326740506329114444e-01
8.344541139240506666e-01
8.359375000000000000e-01
8.376186708860760000e-01
8.392009493670885556e-01
8.413765822784810000e-01
8.431566455696202222e-01
8.446400316455696666e-01
8.458267405063291111e-01
8.479034810126582222e-01
8.495846518987342222e-01
8.506724683544303334e-01
8.525514240506328889e-01
8.537381329113924444e-01
8.548259493670885556e-01
8.556170886075948889e-01
8.564082278481012223e-01
8.579905063291138889e-01
8.585838607594936667e-01
8.594738924050633333e-01
8.607594936708861111e-01
8.612539556962025555e-01
8.620450949367088889e-01
8.629351265822784445e-01
8.634295886075948889e-01
8.642207278481012223e-01
8.645174050632911111e-01
8.649129746835443333e-01
8.660007911392405555e-01
8.665941455696202222e-01
8.674841772151898889e-01
8.678797468354430000e-01
8.679786392405063333e-01
8.685719936708861111e-01
8.707476265822784445e-01
8.708465189873417778e-01
8.710443037974683334e-01
8.721321202531645556e-01
8.726265822784810000e-01
8.731210443037974445e-01
8.733188291139240000e-01
8.737143987341772222e-01
8.739121835443037778e-01
8.748022151898734444e-01
8.750988924050633333e-01
8.753955696202531112e-01
8.757911392405063333e-01
8.763844936708861111e-01
8.765822784810126667e-01
8.767800632911392222e-01
8.772745253164556667e-01
8.779667721518987777e-01
8.787579113924051111e-01
8.787579113924051111e-01
8.790545886075948889e-01
8.794501582278481111e-01
8.798457278481012223e-01
8.800435126582278889e-01
8.800435126582278889e-01
8.802412974683544444e-01
8.807357594936708889e-01
8.812302215189873333e-01
8.814280063291138889e-01
8.819224683544303334e-01
8.820213607594936667e-01
8.819224683544303334e-01
8.818235759493671111e-01
8.822191455696202222e-01
8.825158227848101111e-01
8.829113924050633333e-01
8.833069620253164445e-01
8.837025316455696666e-01
8.839992088607594445e-01
8.841969936708861111e-01
8.841969936708861111e-01
8.847903481012657778e-01
8.847903481012657778e-01
8.852848101265823333e-01
8.853837025316455556e-01
8.852848101265823333e-01
8.855814873417721111e-01
8.856803797468354444e-01
8.861748417721518889e-01
8.863726265822784445e-01
8.866693037974683334e-01
8.865704113924051111e-01
8.865704113924051111e-01
8.871637658227847778e-01
8.873615506329114444e-01
8.876582278481012223e-01
8.878560126582278889e-01
8.878560126582278889e-01
8.882515822784810000e-01
8.883504746835443333e-01
8.884493670886075556e-01
8.884493670886075556e-01
8.886471518987342222e-01
8.887460443037974445e-01
8.891416139240506666e-01
8.896360759493671111e-01
8.896360759493671111e-01
8.897349683544303334e-01
8.900316455696202222e-01
8.901305379746835555e-01
8.902294303797468888e-01
8.901305379746835555e-01
8.904272151898734444e-01
8.906250000000000000e-01
8.905261075949366667e-01
8.908227848101265556e-01
8.911194620253164445e-01
8.911194620253164445e-01
8.915150316455696666e-01
8.915150316455696666e-01
8.915150316455696666e-01
8.914161392405063333e-01
8.915150316455696666e-01
8.927017405063291111e-01
8.926028481012657778e-01
8.925039556962025555e-01
8.925039556962025555e-01
8.927017405063291111e-01
8.927017405063291111e-01
8.929984177215190000e-01
8.929984177215190000e-01
8.929984177215190000e-01
8.932950949367088889e-01
8.934928797468354444e-01
8.935917721518987777e-01
8.934928797468354444e-01
8.936906645569620000e-01
8.935917721518987777e-01
8.939873417721518889e-01
8.939873417721518889e-01
8.939873417721518889e-01
8.941851265822784445e-01
8.944818037974683334e-01
8.944818037974683334e-01
8.945806962025316666e-01
8.944818037974683334e-01
8.947784810126582222e-01
8.947784810126582222e-01
8.950751582278481111e-01
8.950751582278481111e-01
8.952729430379746667e-01
8.952729430379746667e-01
8.952729430379746667e-01
8.955696202531645556e-01
