7.103441455696202222e-01
8.017207278481012223e-01
8.392009493670885556e-01
8.606606012658227778e-01
8.723299050632911111e-01
8.829113924050633333e-01
8.886471518987342222e-01
8.921083860759493334e-01
8.951740506329114444e-01
8.979430379746835555e-01
9.007120253164556667e-01
9.021954113924051111e-01
9.041732594936708889e-01
9.047666139240506666e-01
9.063488924050633333e-01
9.071400316455696666e-01
9.082278481012657778e-01
9.095134493670885556e-01
9.106012658227847778e-01
9.112935126582278889e-01
9.121835443037974445e-01
9.133702531645570000e-01
9.151503164556962222e-01
9.162381329113924444e-01
9.171281645569620000e-01
9.178204113924051111e-01
9.185126582278481111e-01
9.193037974683544444e-01
9.201938291139240000e-01
9.206882911392405555e-01
9.210838607594936667e-01
9.218750000000000000e-01
9.223694620253164445e-01
9.230617088607594445e-01
9.239517405063291111e-01
9.243473101265823333e-01
9.251384493670885556e-01
9.261273734177215555e-01
9.264240506329114444e-01
9.269185126582278889e-01
9.272151898734176667e-01
9.276107594936708889e-01
9.285007911392405555e-01
9.289952531645570000e-01
9.292919303797468888e-01
9.298852848101265556e-01
9.304786392405063333e-01
9.311708860759493334e-01
9.317642405063291111e-01
9.322587025316455556e-01
9.325553797468354444e-01
9.328520569620253333e-01
9.334454113924051111e-01
9.340387658227847778e-01
9.345332278481012223e-01
9.347310126582278889e-01
9.351265822784810000e-01
9.353243670886075556e-01
9.356210443037974445e-01
9.360166139240506666e-01
9.364121835443037778e-01
9.368077531645570000e-01
9.371044303797468888e-01
9.369066455696202222e-01
9.375000000000000000e-01
9.384889240506328889e-01
9.390822784810126667e-01
9.389833860759493334e-01
9.389833860759493334e-01
9.389833860759493334e-01
9.399723101265823333e-01
9.407634493670885556e-01
9.412579113924051111e-01
9.420490506329114444e-01
9.422468354430380000e-01
9.425435126582278889e-01
9.429390822784810000e-01
9.432357594936708889e-01
9.438291139240506666e-01
9.439280063291138889e-01
9.441257911392405555e-01
9.444224683544303334e-01
9.447191455696202222e-01
9.447191455696202222e-01
9.450158227848101111e-01
9.453125000000000000e-01
9.454113924050633333e-01
9.456091772151898889e-01
9.461036392405063333e-01
9.461036392405063333e-01
9.464992088607594445e-01
9.469936708860760000e-01
9.476859177215190000e-01
9.479825949367088889e-01
9.481803797468354444e-01
9.485759493670885556e-01
9.488726265822784445e-01
9.495648734177215555e-01
9.496637658227847778e-01
9.498615506329114444e-01
9.500593354430380000e-01
9.504549050632911111e-01
9.502571202531645556e-01
9.502571202531645556e-01
9.502571202531645556e-01
9.503560126582278889e-01
9.507515822784810000e-01
9.510482594936708889e-01
9.509493670886075556e-01
9.512460443037974445e-01
9.512460443037974445e-01
9.516416139240506666e-01
9.517405063291138889e-01
9.518393987341772222e-01
9.519382911392405555e-01
9.518393987341772222e-01
9.519382911392405555e-01
9.521360759493671111e-01
9.523338607594936667e-01
9.526305379746835555e-01
9.527294303797468888e-01
9.528283227848101111e-01
9.528283227848101111e-01
9.531250000000000000e-01
9.533227848101265556e-01
9.534216772151898889e-01
9.535205696202531112e-01
9.538172468354430000e-01
9.539161392405063333e-01
9.539161392405063333e-01
9.542128164556962222e-01
9.543117088607594445e-01
9.543117088607594445e-01
9.548061708860760000e-01
9.553995253164556667e-01
9.553995253164556667e-01
9.556962025316455556e-01
9.558939873417721111e-01
9.560917721518987777e-01
9.562895569620253333e-01
9.564873417721518889e-01
9.567840189873417778e-01
9.567840189873417778e-01
9.568829113924051111e-01
9.569818037974683334e-01
9.572784810126582222e-01
9.574762658227847778e-01
9.577729430379746667e-01
9.578718354430380000e-01
9.578718354430380000e-01
9.580696202531645556e-01
9.580696202531645556e-01
9.582674050632911111e-01
9.581685126582278889e-01
9.584651898734176667e-01
9.584651898734176667e-01
9.589596518987342222e-01
9.590585443037974445e-01
9.592563291139240000e-01
9.594541139240506666e-01
9.593552215189873333e-01
9.594541139240506666e-01
9.595530063291138889e-01
9.595530063291138889e-01
9.596518987341772222e-01
9.596518987341772222e-01
9.601463607594936667e-01
9.602452531645570000e-01
9.602452531645570000e-01
9.604430379746835555e-01
9.604430379746835555e-01
9.603441455696202222e-01
9.604430379746835555e-01
9.604430379746835555e-01
9.607397151898734444e-01
9.608386075949366667e-01
9.609375000000000000e-01
9.610363924050633333e-01
9.609375000000000000e-01
9.613330696202531112e-01
9.615308544303797778e-01
9.616297468354430000e-01
9.614319620253164445e-01
9.614319620253164445e-01
9.614319620253164445e-01
9.616297468354430000e-01
9.616297468354430000e-01
9.618275316455696666e-01
9.618275316455696666e-01
9.620253164556962222e-01
9.621242088607594445e-01
9.624208860759493334e-01
9.623219936708861111e-01
9.624208860759493334e-01
9.625197784810126667e-01
9.625197784810126667e-01
9.627175632911392222e-01
9.628164556962025555e-01
9.631131329113924444e-01
9.634098101265823333e-01
