7.968750000000000000e-01
8.470342356687897700e-01
8.775875796178344013e-01
8.945063694267515464e-01
9.056528662420382236e-01
9.148089171974522760e-01
9.215764331210191118e-01
9.288415605095541316e-01
9.338176751592356384e-01
9.378980891719744806e-01
9.419785031847133228e-01
9.447651273885350198e-01
9.491441082802547502e-01
9.520302547770700397e-01
9.545183121019108485e-01
9.561106687898088818e-01
9.586982484076432831e-01
9.607882165605095004e-01
9.620820063694267565e-01
9.635748407643311975e-01
9.653662420382165266e-01
9.660628980891720063e-01
9.673566878980891515e-01
9.682523885350318160e-01
9.692476114649681840e-01
9.700437898089171451e-01
9.701433121019108485e-01
9.713375796178344013e-01
9.718351910828025852e-01
9.724323248407643616e-01
