7.361550632911392222e-01
8.145767405063291111e-01
8.442444620253164445e-01
8.603639240506328889e-01
8.721321202531645556e-01
8.808346518987342222e-01
8.864715189873417778e-01
8.918117088607594445e-01
8.944818037974683334e-01
8.974485759493671111e-01
8.996242088607594445e-01
9.017998417721518889e-01
9.034810126582278889e-01
9.052610759493671111e-01
9.067444620253164445e-01
9.073378164556962222e-01
9.085245253164556667e-01
9.101068037974683334e-01
9.107990506329114444e-01
9.126780063291138889e-01
9.139636075949366667e-01
9.157436708860760000e-01
9.162381329113924444e-01
9.170292721518987777e-01
9.178204113924051111e-01
9.193037974683544444e-01
9.197982594936708889e-01
9.202927215189873333e-01
9.205893987341772222e-01
9.206882911392405555e-01
9.212816455696202222e-01
9.220727848101265556e-01
9.225672468354430000e-01
9.231606012658227778e-01
9.236550632911392222e-01
9.245450949367088889e-01
9.248417721518987777e-01
9.249406645569620000e-01
9.255340189873417778e-01
9.261273734177215555e-01
9.265229430379746667e-01
9.269185126582278889e-01
9.274129746835443333e-01
9.277096518987342222e-01
9.282041139240506666e-01
9.283030063291138889e-01
9.290941455696202222e-01
9.291930379746835555e-01
9.294897151898734444e-01
9.297863924050633333e-01
9.302808544303797778e-01
9.306764240506328889e-01
9.310719936708861111e-01
9.314675632911392222e-01
9.315664556962025555e-01
9.321598101265823333e-01
9.325553797468354444e-01
9.332476265822784445e-01
9.336431962025316666e-01
9.347310126582278889e-01
9.349287974683544444e-01
9.353243670886075556e-01
9.353243670886075556e-01
9.358188291139240000e-01
9.366099683544303334e-01
9.369066455696202222e-01
9.375000000000000000e-01
9.378955696202531112e-01
9.381922468354430000e-01
9.387856012658227778e-01
9.390822784810126667e-01
9.394778481012657778e-01
9.397745253164556667e-01
9.402689873417721111e-01
9.404667721518987777e-01
9.406645569620253333e-01
9.408623417721518889e-01
9.409612341772152222e-01
9.412579113924051111e-01
9.415545886075948889e-01
9.418512658227847778e-01
9.419501582278481111e-01
9.423457278481012223e-01
9.427412974683544444e-01
9.428401898734176667e-01
9.429390822784810000e-01
9.432357594936708889e-01
9.434335443037974445e-01
9.440268987341772222e-01
9.442246835443037778e-01
9.446202531645570000e-01
9.449169303797468888e-01
9.452136075949366667e-01
9.456091772151898889e-01
9.460047468354430000e-01
9.462025316455696666e-01
9.464992088607594445e-01
9.465981012658227778e-01
9.468947784810126667e-01
9.470925632911392222e-01
9.472903481012657778e-01
9.475870253164556667e-01
9.478837025316455556e-01
9.482792721518987777e-01
9.486748417721518889e-01
9.487737341772152222e-01
9.493670886075948889e-01
9.496637658227847778e-01
9.499604430379746667e-01
9.501582278481012223e-01
9.504549050632911111e-01
9.506526898734176667e-01
9.508504746835443333e-01
9.507515822784810000e-01
9.511471518987342222e-01
9.515427215189873333e-01
9.517405063291138889e-01
9.519382911392405555e-01
9.520371835443037778e-01
9.523338607594936667e-01
9.524327531645570000e-01
9.525316455696202222e-01
9.528283227848101111e-01
9.528283227848101111e-01
9.531250000000000000e-01
9.533227848101265556e-01
9.535205696202531112e-01
9.537183544303797778e-01
9.537183544303797778e-01
9.539161392405063333e-01
9.540150316455696666e-01
9.542128164556962222e-01
9.544106012658227778e-01
9.542128164556962222e-01
9.544106012658227778e-01
9.544106012658227778e-01
9.546083860759493334e-01
9.548061708860760000e-01
9.551028481012657778e-01
9.553995253164556667e-01
9.553995253164556667e-01
9.555973101265823333e-01
9.556962025316455556e-01
9.558939873417721111e-01
9.559928797468354444e-01
9.559928797468354444e-01
9.560917721518987777e-01
9.561906645569620000e-01
9.563884493670885556e-01
9.563884493670885556e-01
9.564873417721518889e-01
9.565862341772152222e-01
9.568829113924051111e-01
9.571795886075948889e-01
9.573773734177215555e-01
9.576740506329114444e-01
9.575751582278481111e-01
9.577729430379746667e-01
9.580696202531645556e-01
9.580696202531645556e-01
9.581685126582278889e-01
9.583662974683544444e-01
9.583662974683544444e-01
9.586629746835443333e-01
9.587618670886075556e-01
9.587618670886075556e-01
9.587618670886075556e-01
9.590585443037974445e-01
9.591574367088607778e-01
9.595530063291138889e-01
9.598496835443037778e-01
9.598496835443037778e-01
9.599485759493671111e-01
9.600474683544303334e-01
9.603441455696202222e-01
9.603441455696202222e-01
9.603441455696202222e-01
9.604430379746835555e-01
9.604430379746835555e-01
9.613330696202531112e-01
9.614319620253164445e-01
9.614319620253164445e-01
9.616297468354430000e-01
9.616297468354430000e-01
9.617286392405063333e-01
9.619264240506328889e-01
9.619264240506328889e-01
9.621242088607594445e-01
9.625197784810126667e-01
9.627175632911392222e-01
9.627175632911392222e-01
9.627175632911392222e-01
9.628164556962025555e-01
9.627175632911392222e-01
9.627175632911392222e-01
9.628164556962025555e-01
9.629153481012657778e-01
9.630142405063291111e-01
9.630142405063291111e-01
9.631131329113924444e-01
