1.906645569620253056e-01
3.350474683544303889e-01
4.668710443037974445e-01
5.539952531645570000e-01
6.160007911392405555e-01
6.486352848101265556e-01
6.742484177215190000e-01
6.875000000000000000e-01
6.988726265822784445e-01
7.086629746835443333e-01
7.175632911392405555e-01
7.234968354430380000e-01
7.287381329113924444e-01
7.338805379746835555e-01
7.360561708860760000e-01
7.372428797468354444e-01
7.381329113924051111e-01
7.400118670886075556e-01
7.422863924050633333e-01
7.469343354430380000e-01
7.502966772151898889e-01
7.543512658227847778e-01
7.578125000000000000e-01
7.612737341772152222e-01
7.650316455696202222e-01
7.683939873417721111e-01
7.716574367088607778e-01
7.757120253164556667e-01
7.788765822784810000e-01
7.829311708860760000e-01
7.858979430379746667e-01
7.897547468354430000e-01
7.923259493670885556e-01
7.930181962025316666e-01
7.952927215189873333e-01
7.973694620253164445e-01
8.000395569620253333e-01
8.023140822784810000e-01
8.049841772151898889e-01
8.068631329113924444e-01
8.093354430379746667e-01
8.108188291139240000e-01
8.129944620253164445e-01
8.144778481012657778e-01
8.156645569620253333e-01
8.170490506329114444e-01
8.188291139240506666e-01
8.206091772151898889e-01
8.239715189873417778e-01
8.259493670886075556e-01
8.278283227848101111e-01
8.294106012658227778e-01
8.315862341772152222e-01
8.327729430379746667e-01
8.351463607594936667e-01
8.371242088607594445e-01
8.381131329113924444e-01
8.396954113924051111e-01
8.417721518987342222e-01
8.428599683544303334e-01
8.445411392405063333e-01
8.463212025316455556e-01
8.476068037974683334e-01
8.498813291139240000e-01
8.513647151898734444e-01
8.523536392405063333e-01
8.538370253164556667e-01
8.554193037974683334e-01
8.559137658227847778e-01
8.571993670886075556e-01
8.590783227848101111e-01
8.602650316455696666e-01
8.609572784810126667e-01
8.614517405063291111e-01
8.616495253164556667e-01
8.623417721518987777e-01
8.629351265822784445e-01
8.638251582278481111e-01
8.644185126582278889e-01
8.650118670886075556e-01
8.655063291139240000e-01
8.656052215189873333e-01
8.669897151898734444e-01
8.675830696202531112e-01
8.679786392405063333e-01
8.687697784810126667e-01
8.690664556962025555e-01
8.692642405063291111e-01
8.699564873417721111e-01
8.711431962025316666e-01
8.711431962025316666e-01
8.710443037974683334e-01
8.716376582278481111e-01
8.719343354430380000e-01
8.725276898734176667e-01
8.729232594936708889e-01
8.731210443037974445e-01
8.739121835443037778e-01
8.741099683544303334e-01
8.742088607594936667e-01
8.746044303797468888e-01
8.750000000000000000e-01
8.754944620253164445e-01
8.755933544303797778e-01
8.759889240506328889e-01
8.766811708860760000e-01
8.773734177215190000e-01
8.774723101265823333e-01
8.775712025316455556e-01
8.777689873417721111e-01
8.781645569620253333e-01
8.784612341772152222e-01
8.792523734177215555e-01
8.793512658227847778e-01
8.798457278481012223e-01
8.803401898734176667e-01
8.802412974683544444e-01
8.802412974683544444e-01
8.805379746835443333e-01
8.811313291139240000e-01
8.812302215189873333e-01
8.812302215189873333e-01
8.819224683544303334e-01
8.826147151898734444e-01
8.828125000000000000e-01
8.832080696202531112e-01
8.831091772151898889e-01
8.833069620253164445e-01
8.832080696202531112e-01
8.835047468354430000e-01
8.838014240506328889e-01
8.837025316455696666e-01
8.838014240506328889e-01
8.840981012658227778e-01
8.843947784810126667e-01
8.844936708860760000e-01
8.849881329113924444e-01
8.852848101265823333e-01
8.856803797468354444e-01
8.856803797468354444e-01
8.859770569620253333e-01
8.858781645569620000e-01
8.862737341772152222e-01
8.867681962025316666e-01
8.870648734177215555e-01
8.869659810126582222e-01
8.869659810126582222e-01
8.872626582278481111e-01
8.873615506329114444e-01
8.876582278481012223e-01
8.879549050632911111e-01
8.884493670886075556e-01
8.887460443037974445e-01
8.888449367088607778e-01
8.889438291139240000e-01
8.889438291139240000e-01
8.893393987341772222e-01
8.895371835443037778e-01
8.895371835443037778e-01
8.897349683544303334e-01
8.899327531645570000e-01
8.901305379746835555e-01
8.904272151898734444e-01
8.908227848101265556e-01
8.907238924050633333e-01
8.906250000000000000e-01
8.910205696202531112e-01
8.919106012658227778e-01
8.919106012658227778e-01
8.922072784810126667e-01
8.923061708860760000e-01
8.925039556962025555e-01
8.928006329113924444e-01
8.929984177215190000e-01
8.932950949367088889e-01
8.931962025316455556e-01
8.933939873417721111e-01
8.933939873417721111e-01
8.935917721518987777e-01
8.934928797468354444e-01
8.935917721518987777e-01
8.939873417721518889e-01
8.941851265822784445e-01
8.940862341772152222e-01
8.941851265822784445e-01
8.947784810126582222e-01
8.944818037974683334e-01
8.946795886075948889e-01
8.946795886075948889e-01
8.945806962025316666e-01
8.947784810126582222e-01
8.949762658227847778e-01
8.951740506329114444e-01
8.952729430379746667e-01
8.950751582278481111e-01
8.949762658227847778e-01
8.953718354430380000e-01
8.954707278481012223e-01
8.956685126582278889e-01
8.959651898734176667e-01
