1.747611464968152895e-01
1.972531847133758010e-01
2.271098726114649802e-01
2.175557324840764195e-01
2.589570063694267565e-01
2.554737261146496907e-01
2.692078025477707137e-01
2.838375796178344013e-01
2.602507961783439572e-01
2.851313694267516019e-01
2.696058917197452498e-01
2.827428343949044409e-01
2.956807324840764473e-01
3.028463375796178192e-01
2.904060509554139968e-01
3.115047770700636875e-01
3.018511146496815067e-01
3.046377388535032038e-01
2.973726114649681285e-01
3.282245222929936479e-01
3.261345541401273751e-01
3.240445859872611578e-01
3.187699044585987074e-01
3.392714968152866217e-01
3.147890127388535131e-01
3.500199044585987074e-01
3.437500000000000000e-01
3.359872611464967962e-01
3.415605095541401348e-01
3.466361464968152895e-01
3.457404458598726249e-01
3.451433121019108485e-01
3.334992038216560428e-01
3.467356687898089374e-01
3.656449044585987074e-01
3.403662420382165821e-01
3.651472929936305789e-01
3.592754777070063521e-01
3.769904458598726249e-01
3.593750000000000000e-01
3.663415605095541316e-01
3.185708598726114671e-01
3.390724522292993814e-01
3.666401273885350198e-01
3.734076433121019112e-01
3.867436305732483981e-01
3.505175159235668914e-01
3.473328025477707137e-01
3.508160828025477795e-01
3.443471337579617764e-01
3.830613057324840920e-01
3.643511146496815067e-01
3.778861464968152895e-01
3.526074840764331086e-01
3.733081210191082633e-01
3.827627388535032038e-01
3.807722929936305789e-01
3.680334394904458684e-01
3.825636942675159080e-01
3.702229299363057335e-01
3.610668789808917367e-01
3.544984076433120856e-01
3.839570063694267565e-01
3.851512738853503093e-01
3.697253184713376051e-01
3.885350318471337827e-01
3.767914012738853291e-01
4.040605095541401348e-01
3.872412420382165821e-01
3.786823248407643061e-01
3.812699044585987074e-01
3.946058917197452498e-01
3.852507961783439572e-01
3.741042993630573354e-01
3.883359872611464869e-01
3.927149681528662173e-01
3.632563694267516019e-01
3.820660828025477795e-01
3.950039808917197304e-01
3.908240445859872403e-01
3.257364649681528390e-01
3.902269108280254639e-01
4.013734076433120856e-01
3.696257961783439572e-01
3.979896496815286677e-01
3.617635350318471610e-01
3.888335987261146709e-01
3.971934713375795956e-01
3.924164012738853291e-01
3.971934713375795956e-01
3.990843949044585726e-01
4.035628980891719508e-01
3.785828025477707137e-01
4.056528662420382236e-01
4.018710191082802696e-01
3.433519108280254639e-01
3.961982484076433386e-01
4.047571656050955591e-01
3.984872611464967962e-01
3.925159235668789770e-01
