2.209394904458598652e-01
2.722929936305732435e-01
3.256369426751592466e-01
3.326035031847133783e-01
3.462380573248407534e-01
3.629578025477707137e-01
3.671377388535032038e-01
3.785828025477707137e-01
3.750000000000000000e-01
3.568869426751592466e-01
3.988853503184713323e-01
3.533041401273885329e-01
3.977906050955414274e-01
3.780851910828025297e-01
4.076433121019108485e-01
4.026671974522292863e-01
4.225716560509554243e-01
4.228702229299363125e-01
4.174960191082802696e-01
4.217754777070063521e-01
4.169984076433120856e-01
4.202826433121019112e-01
4.326234076433120856e-01
4.379976114649681285e-01
4.185907643312101745e-01
4.430732484076433386e-01
4.283439490445860032e-01
4.321257961783439572e-01
4.382961783439490722e-01
4.449641719745223156e-01
4.472531847133757732e-01
4.530254777070063521e-01
4.445660828025477795e-01
4.611863057324840920e-01
4.644705414012738620e-01
4.532245222929936479e-01
4.602906050955414274e-01
4.581011146496815067e-01
4.470541401273885329e-01
4.698447452229299603e-01
4.740246815286623949e-01
4.750199044585987074e-01
4.593949044585987074e-01
4.722332802547770658e-01
4.604896496815286677e-01
4.779060509554139968e-01
4.748208598726114671e-01
4.782046178343948850e-01
4.702428343949044409e-01
4.798964968152866217e-01
4.776074840764331086e-01
4.808917197452229342e-01
4.855692675159235527e-01
4.847730891719745361e-01
4.933320063694267565e-01
4.772093949044585726e-01
4.666600318471337827e-01
4.757165605095541316e-01
4.798964968152866217e-01
4.729299363057324901e-01
4.822850318471337827e-01
4.885549363057324901e-01
4.965167197452229342e-01
4.856687898089172006e-01
4.832802547770700397e-01
4.955214968152866217e-01
4.975119426751592466e-01
4.843750000000000000e-01
4.910429936305732435e-01
4.963176751592356939e-01
5.124402866242038224e-01
4.875597133757961776e-01
5.046775477707006186e-01
5.008957006369426646e-01
4.877587579617834179e-01
4.836783439490445757e-01
5.001990445859872958e-01
5.000995222929935924e-01
4.644705414012738620e-01
5.167197452229299603e-01
5.006966560509553688e-01
5.085589171974522760e-01
4.987062101910827994e-01
5.060708598726114671e-01
5.030851910828025852e-01
5.092555732484076447e-01
4.969148089171974703e-01
5.077627388535032038e-01
5.073646496815286122e-01
5.141321656050955591e-01
5.119426751592356384e-01
5.175159235668790325e-01
5.091560509554140523e-01
5.113455414012738620e-01
5.190087579617834734e-01
5.036823248407643616e-01
4.903463375796178192e-01
4.937300955414012926e-01
5.090565286624203489e-01
5.068670382165605393e-01
5.239848726114649802e-01
5.188097133757961776e-01
5.024880573248408089e-01
5.158240445859872958e-01
5.096536624203821253e-01
5.076632165605095004e-01
5.180135350318471055e-01
5.225915605095541316e-01
5.178144904458599207e-01
5.111464968152866772e-01
5.185111464968152895e-01
5.053742038216560983e-01
5.175159235668790325e-01
5.078622611464967962e-01
5.004976114649681840e-01
5.191082802547770658e-01
5.228901273885350198e-01
5.181130573248408089e-01
5.136345541401273751e-01
5.138335987261146709e-01
5.225915605095541316e-01
5.165207006369426646e-01
5.029856687898088818e-01
5.151273885350318160e-01
5.165207006369426646e-01
5.232882165605095004e-01
5.214968152866241713e-01
5.103503184713376051e-01
5.204020700636943220e-01
5.061703821656050595e-01
5.075636942675159080e-01
5.097531847133758287e-01
5.131369426751591911e-01
5.256767515923567169e-01
5.331409235668790325e-01
5.204020700636943220e-01
5.302547770700637431e-01
5.311504777070064076e-01
5.215963375796178747e-01
5.196058917197452498e-01
5.261743630573247898e-01
5.355294585987261380e-01
5.096536624203821253e-01
5.321457006369426646e-01
5.320461783439490722e-01
5.270700636942675654e-01
5.193073248407643616e-01
5.327428343949044409e-01
5.332404458598726249e-01
5.335390127388535131e-01
5.228901273885350198e-01
5.152269108280255194e-01
5.362261146496815067e-01
5.322452229299362569e-01
5.275676751592356384e-01
5.342356687898088818e-01
5.214968152866241713e-01
5.422969745222929738e-01
5.218949044585987629e-01
5.397093949044585726e-01
5.331409235668790325e-01
5.285628980891720063e-01
5.386146496815286122e-01
5.350318471337579540e-01
5.219944267515923553e-01
5.271695859872611578e-01
5.320461783439490722e-01
5.357285031847133228e-01
5.324442675159235527e-01
5.196058917197452498e-01
5.311504777070064076e-01
5.430931528662420460e-01
5.336385350318471055e-01
5.345342356687897700e-01
5.406050955414012371e-01
5.321457006369426646e-01
5.333399681528662173e-01
5.171178343949044409e-01
5.445859872611464869e-01
5.401074840764331642e-01
5.237858280254776844e-01
5.323447452229299603e-01
5.350318471337579540e-01
5.325437898089171451e-01
5.464769108280255194e-01
5.145302547770700397e-01
5.417993630573247898e-01
5.361265923566879144e-01
5.265724522292993814e-01
5.478702229299362569e-01
5.528463375796178747e-01
5.451831210191082633e-01
5.351313694267515464e-01
5.336385350318471055e-01
5.253781847133758287e-01
5.338375796178344013e-01
5.489649681528662173e-01
5.374203821656050595e-01
5.482683121019108485e-01
5.529458598726114671e-01
