1.594347133757961776e-01
2.680135350318471610e-01
2.720939490445860032e-01
2.743829617834395163e-01
3.065286624203821808e-01
3.114052547770700397e-01
3.541998407643311975e-01
3.363853503184713323e-01
3.607683121019108485e-01
3.454418789808917367e-01
3.406648089171974703e-01
3.760947452229299603e-01
3.691281847133757732e-01
3.639530254777070262e-01
3.661425159235668914e-01
3.922173566878980888e-01
3.826632165605095559e-01
3.759952229299363125e-01
3.763933121019108485e-01
3.983877388535032038e-01
3.779856687898089374e-01
3.956011146496815067e-01
3.969944267515923553e-01
3.985867834394904441e-01
4.044585987261146709e-01
3.845541401273885329e-01
4.207802547770700397e-01
4.175955414012738620e-01
3.961982484076433386e-01
4.264530254777070262e-01
4.280453821656051150e-01
3.922173566878980888e-01
4.016719745222929738e-01
4.119227707006369310e-01
4.373009554140127597e-01
4.369028662420382236e-01
4.334195859872611578e-01
4.288415605095541316e-01
4.022691082802547502e-01
4.577030254777070262e-01
4.423765923566879144e-01
4.226711783439490722e-01
4.290406050955414274e-01
4.499402866242038224e-01
4.564092356687898255e-01
4.545183121019108485e-01
4.266520700636942665e-01
4.275477707006369310e-01
4.331210191082802696e-01
4.499402866242038224e-01
4.540207006369426646e-01
4.393909235668789770e-01
4.489450636942675099e-01
4.561106687898089374e-01
4.410828025477707137e-01
4.572054140127388422e-01
4.527269108280254639e-01
4.457603503184713323e-01
4.674562101910827994e-01
4.542197452229299603e-01
4.558121019108280492e-01
4.543192675159235527e-01
4.719347133757961776e-01
4.558121019108280492e-01
4.539211783439490722e-01
4.683519108280254639e-01
4.514331210191082633e-01
4.569068471337579540e-01
4.635748407643311975e-01
4.403861464968152895e-01
4.711385350318471610e-01
4.721337579617834179e-01
4.657643312101910626e-01
4.725318471337579540e-01
4.697452229299363125e-01
4.663614649681528390e-01
4.463574840764331086e-01
4.486464968152866217e-01
4.356090764331210230e-01
4.504378980891719508e-01
4.812898089171974703e-01
4.692476114649681285e-01
4.832802547770700397e-01
4.730294585987261380e-01
4.784036624203821808e-01
4.713375796178344013e-01
4.830812101910827994e-01
4.825835987261146709e-01
4.889530254777070262e-01
4.395899681528662173e-01
4.748208598726114671e-01
4.788017515923566614e-01
4.757165605095541316e-01
4.768113057324840920e-01
4.890525477707006186e-01
4.856687898089172006e-01
4.657643312101910626e-01
4.344148089171974703e-01
4.756170382165604837e-01
4.608877388535032038e-01
4.896496815286623949e-01
4.728304140127388422e-01
4.645700636942675099e-01
4.531250000000000000e-01
4.493431528662420460e-01
4.736265923566879144e-01
4.793988853503184933e-01
4.788017515923566614e-01
4.831807324840764473e-01
4.867635350318471610e-01
4.592953821656051150e-01
4.914410828025477795e-01
4.861664012738853291e-01
4.803941082802547502e-01
4.816878980891719508e-01
4.960191082802547502e-01
4.731289808917197304e-01
4.697452229299363125e-01
4.848726114649681285e-01
4.852707006369426646e-01
4.944267515923566614e-01
4.816878980891719508e-01
5.037818471337579540e-01
4.843750000000000000e-01
4.929339171974522205e-01
5.061703821656050595e-01
4.988057324840764473e-01
4.533240445859872403e-01
5.039808917197452498e-01
4.812898089171974703e-01
4.999004777070063521e-01
5.071656050955414274e-01
4.979100318471337827e-01
4.927348726114649802e-01
4.918391719745223156e-01
4.924363057324840920e-01
5.009952229299362569e-01
4.746218152866242268e-01
4.945262738853503093e-01
4.720342356687898255e-01
4.975119426751592466e-01
5.146297770700637431e-01
5.008957006369426646e-01
4.799960191082802696e-01
5.103503184713376051e-01
5.023885350318471055e-01
5.033837579617834734e-01
4.955214968152866217e-01
5.006966560509553688e-01
4.904458598726114671e-01
4.995023885350318715e-01
5.074641719745223156e-01
4.941281847133757732e-01
5.004976114649681840e-01
5.018909235668790325e-01
5.061703821656050595e-01
4.887539808917197304e-01
5.117436305732484536e-01
5.121417197452229342e-01
4.755175159235668914e-01
5.043789808917197304e-01
5.063694267515923553e-01
5.069665605095541316e-01
4.917396496815286677e-01
4.900477707006369310e-01
5.109474522292993814e-01
4.985071656050955591e-01
4.880573248407643061e-01
5.077627388535032038e-01
4.899482484076433386e-01
4.907444267515923553e-01
5.042794585987261380e-01
5.102507961783439017e-01
5.114450636942675654e-01
5.176154458598726249e-01
4.850716560509554243e-01
5.001990445859872958e-01
5.203025477707006186e-01
5.019904458598726249e-01
5.068670382165605393e-01
5.088574840764331642e-01
5.210987261146496907e-01
5.080613057324840920e-01
5.107484076433120856e-01
4.927348726114649802e-01
5.169187898089171451e-01
5.012937898089171451e-01
4.879578025477707137e-01
5.094546178343949405e-01
4.974124203821655987e-01
5.215963375796178747e-01
5.075636942675159080e-01
5.013933121019108485e-01
5.088574840764331642e-01
5.113455414012738620e-01
5.177149681528662173e-01
5.130374203821655987e-01
5.108479299363056780e-01
5.003980891719744806e-01
5.255772292993630135e-01
