1.391321656050955313e-01
1.985469745222930016e-01
2.202428343949044687e-01
2.202428343949044687e-01
2.488057324840764195e-01
2.766719745222929738e-01
2.849323248407643061e-01
2.739848726114649802e-01
2.603503184713376051e-01
3.130971337579617764e-01
3.068272292993630690e-01
3.068272292993630690e-01
3.394705414012738620e-01
2.940883757961783584e-01
3.167794585987261380e-01
3.279259554140127597e-01
3.257364649681528390e-01
3.388734076433120856e-01
3.491242038216560428e-01
3.524084394904458684e-01
3.593750000000000000e-01
3.634554140127388422e-01
3.706210191082802696e-01
3.565883757961783584e-01
3.482285031847133783e-01
3.431528662420382236e-01
3.729100318471337827e-01
3.466361464968152895e-01
3.497213375796178192e-01
3.683320063694267565e-01
3.831608280254776844e-01
3.797770700636942665e-01
3.763933121019108485e-01
3.986863057324840920e-01
3.769904458598726249e-01
3.815684713375795956e-01
3.913216560509554243e-01
3.861464968152866217e-01
3.846536624203821808e-01
3.922173566878980888e-01
3.980891719745223156e-01
3.910230891719745361e-01
3.493232484076433386e-01
3.887340764331210230e-01
3.953025477707006186e-01
4.089371019108280492e-01
3.800756369426751546e-01
3.825636942675159080e-01
3.727109872611464869e-01
3.983877388535032038e-01
3.967953821656051150e-01
4.003781847133757732e-01
4.016719745222929738e-01
3.952030254777070262e-01
3.984872611464967962e-01
4.027667197452229342e-01
4.068471337579617764e-01
4.116242038216560428e-01
3.818670382165604837e-01
4.010748407643311975e-01
4.061504777070063521e-01
4.119227707006369310e-01
4.220740445859872403e-01
4.240644904458598652e-01
3.699243630573248454e-01
4.254578025477707137e-01
4.031648089171974703e-01
4.083399681528662173e-01
4.180931528662420460e-01
4.197850318471337827e-01
4.184912420382165821e-01
4.040605095541401348e-01
4.348128980891719508e-01
4.029657643312101745e-01
4.296377388535032038e-01
4.275477707006369310e-01
4.337181528662420460e-01
4.411823248407643061e-01
4.285429936305732435e-01
4.309315286624204044e-01
4.328224522292993814e-01
4.276472929936305789e-01
4.406847133757961776e-01
4.175955414012738620e-01
4.327229299363057335e-01
4.425756369426751546e-01
4.261544585987261380e-01
4.017714968152866217e-01
4.212778662420382236e-01
4.440684713375795956e-01
4.054538216560509278e-01
4.394904458598726249e-01
4.383957006369426646e-01
4.421775477707006186e-01
4.182921974522292863e-01
4.362062101910827994e-01
4.387937898089172006e-01
4.290406050955414274e-01
4.462579617834395163e-01
4.367038216560509278e-01
