1.455015923566878866e-01
3.014530254777070262e-01
3.113057324840764473e-01
3.435509554140127597e-01
3.670382165605095559e-01
3.807722929936305789e-01
3.976910828025477795e-01
3.895302547770700397e-01
3.930135350318471610e-01
4.034633757961783584e-01
4.132165605095541316e-01
4.053542993630573354e-01
4.067476114649681285e-01
4.249601910828025297e-01
4.225716560509554243e-01
4.177945859872611578e-01
4.310310509554139968e-01
4.347133757961783584e-01
4.348128980891719508e-01
4.328224522292993814e-01
4.446656050955414274e-01
4.465565286624204044e-01
4.606886942675159080e-01
4.407842356687898255e-01
4.443670382165604837e-01
4.686504777070063521e-01
4.641719745222929738e-01
4.492436305732483981e-01
4.713375796178344013e-01
4.678542993630573354e-01
4.643710191082802696e-01
4.553144904458598652e-01
4.776074840764331086e-01
4.890525477707006186e-01
4.727308917197452498e-01
4.873606687898089374e-01
4.836783439490445757e-01
4.894506369426751546e-01
4.963176751592356939e-01
4.887539808917197304e-01
4.897492038216560428e-01
4.929339171974522205e-01
4.940286624203821808e-01
4.958200636942675099e-01
4.708399681528662173e-01
5.045780254777070262e-01
4.893511146496815067e-01
5.030851910828025852e-01
5.004976114649681840e-01
5.065684713375796511e-01
5.097531847133758287e-01
5.108479299363056780e-01
4.932324840764331086e-01
5.033837579617834734e-01
5.120421974522293418e-01
5.021894904458599207e-01
5.073646496815286122e-01
5.059713375796178747e-01
5.160230891719744806e-01
5.101512738853503093e-01
5.124402866242038224e-01
4.900477707006369310e-01
4.978105095541401348e-01
5.070660828025477240e-01
5.215963375796178747e-01
5.206011146496815067e-01
5.134355095541400793e-01
5.141321656050955591e-01
5.267714968152866772e-01
5.216958598726114671e-01
5.201035031847133228e-01
5.275676751592356384e-01
5.206011146496815067e-01
5.217953821656050595e-01
5.322452229299362569e-01
5.282643312101911182e-01
5.203025477707006186e-01
5.219944267515923553e-01
5.267714968152866772e-01
5.338375796178344013e-01
5.186106687898088818e-01
5.304538216560509278e-01
5.367237261146496907e-01
5.249800955414012371e-01
5.267714968152866772e-01
5.393113057324840920e-01
5.270700636942675654e-01
5.275676751592356384e-01
5.254777070063694211e-01
5.341361464968152895e-01
5.220939490445859477e-01
5.400079617834394607e-01
5.270700636942675654e-01
5.392117834394904996e-01
5.447850318471337827e-01
5.262738853503184933e-01
5.393113057324840920e-01
5.358280254777070262e-01
5.428941082802547502e-01
5.347332802547770658e-01
