1.285828025477707137e-01
1.988455414012738898e-01
2.521894904458598652e-01
2.688097133757961776e-01
2.497014331210191118e-01
2.864251592356688025e-01
2.604498407643311975e-01
3.118033439490445757e-01
2.678144904458598652e-01
3.210589171974522205e-01
3.283240445859872403e-01
3.067277070063694211e-01
2.998606687898089374e-01
3.268312101910827994e-01
3.154856687898089374e-01
3.608678343949044409e-01
3.623606687898089374e-01
3.572850318471337827e-01
3.397691082802547502e-01
3.497213375796178192e-01
3.565883757961783584e-01
3.448447452229299603e-01
3.752985668789808882e-01
3.793789808917197304e-01
3.690286624203821808e-01
3.742038216560509278e-01
3.734076433121019112e-01
3.653463375796178192e-01
3.840565286624204044e-01
3.878383757961783584e-01
3.862460191082802696e-01
3.962977707006369310e-01
3.905254777070063521e-01
3.947054140127388422e-01
3.917197452229299603e-01
3.995820063694267565e-01
4.070461783439490722e-01
3.894307324840764473e-01
3.962977707006369310e-01
3.939092356687898255e-01
3.948049363057324901e-01
4.044585987261146709e-01
4.006767515923566614e-01
4.030652866242038224e-01
4.025676751592356939e-01
3.876393312101910626e-01
4.054538216560509278e-01
4.135151273885350198e-01
4.140127388535032038e-01
3.969944267515923553e-01
4.047571656050955591e-01
4.070461783439490722e-01
4.060509554140127597e-01
4.027667197452229342e-01
4.099323248407643061e-01
4.157046178343948850e-01
4.155055732484076447e-01
3.924164012738853291e-01
4.248606687898089374e-01
4.122213375796178192e-01
4.204816878980891515e-01
4.094347133757961776e-01
4.020700636942675099e-01
4.166998407643311975e-01
4.296377388535032038e-01
4.122213375796178192e-01
4.250597133757961776e-01
4.068471337579617764e-01
4.334195859872611578e-01
4.239649681528662173e-01
4.225716560509554243e-01
4.134156050955414274e-01
4.163017515923566614e-01
4.366042993630573354e-01
4.253582802547770658e-01
4.352109872611464869e-01
4.364052547770700397e-01
4.440684713375795956e-01
4.391918789808917367e-01
4.332205414012738620e-01
4.263535031847133783e-01
4.433718152866242268e-01
4.447651273885350198e-01
4.229697452229299603e-01
4.250597133757961776e-01
4.159036624203821808e-01
4.188893312101910626e-01
4.342157643312101745e-01
4.396894904458598652e-01
4.254578025477707137e-01
4.377985668789808882e-01
4.296377388535032038e-01
4.284434713375795956e-01
4.411823248407643061e-01
4.375000000000000000e-01
4.229697452229299603e-01
4.462579617834395163e-01
4.466560509554139968e-01
4.488455414012738620e-01
4.496417197452229342e-01
4.408837579617834179e-01
4.390923566878980888e-01
4.381966560509554243e-01
4.354100318471337827e-01
4.365047770700636875e-01
4.573049363057324901e-01
4.356090764331210230e-01
4.282444267515923553e-01
4.365047770700636875e-01
4.478503184713376051e-01
4.452627388535032038e-01
4.358081210191082633e-01
4.603901273885350198e-01
4.568073248407643061e-01
4.353105095541401348e-01
4.407842356687898255e-01
4.533240445859872403e-01
4.468550955414012926e-01
4.489450636942675099e-01
4.477507961783439572e-01
4.599920382165604837e-01
4.432722929936305789e-01
4.416799363057324901e-01
4.490445859872611578e-01
4.446656050955414274e-01
4.423765923566879144e-01
4.507364649681528390e-01
4.271496815286623949e-01
4.309315286624204044e-01
4.602906050955414274e-01
4.519307324840764473e-01
4.464570063694267565e-01
4.452627388535032038e-01
4.400875796178344013e-01
4.602906050955414274e-01
4.545183121019108485e-01
4.169984076433120856e-01
4.369028662420382236e-01
4.621815286624204044e-01
4.555135350318471610e-01
4.558121019108280492e-01
4.484474522292993814e-01
4.427746815286623949e-01
4.614848726114649802e-01
4.632762738853503093e-01
4.652667197452229342e-01
4.455613057324840920e-01
4.254578025477707137e-01
4.535230891719745361e-01
4.036624203821655987e-01
4.667595541401273751e-01
4.624800955414012926e-01
4.503383757961783584e-01
4.488455414012738620e-01
4.574044585987261380e-01
4.610867834394904441e-01
4.567078025477707137e-01
4.625796178343948850e-01
4.538216560509554243e-01
4.652667197452229342e-01
4.675557324840764473e-01
4.568073248407643061e-01
4.719347133757961776e-01
4.570063694267516019e-01
4.795979299363057335e-01
4.555135350318471610e-01
4.547173566878980888e-01
4.629777070063694211e-01
4.751194267515923553e-01
4.482484076433120856e-01
4.649681528662420460e-01
4.534235668789808882e-01
4.714371019108280492e-01
4.632762738853503093e-01
4.645700636942675099e-01
4.485469745222929738e-01
4.637738853503184933e-01
4.747213375796178192e-01
4.510350318471337827e-01
4.504378980891719508e-01
4.707404458598726249e-01
4.712380573248407534e-01
4.617834394904458684e-01
4.713375796178344013e-01
4.598925159235668914e-01
4.652667197452229342e-01
4.765127388535032038e-01
4.767117834394904441e-01
4.770103503184713323e-01
4.599920382165604837e-01
4.661624203821655987e-01
4.767117834394904441e-01
4.664609872611464869e-01
4.617834394904458684e-01
4.735270700636942665e-01
4.496417197452229342e-01
4.524283439490445757e-01
4.552149681528662173e-01
4.693471337579617764e-01
4.650676751592356939e-01
