3.252388535031847105e-01
6.072850318471337827e-01
6.828224522292993814e-01
7.258160828025477240e-01
7.714968152866241713e-01
7.959792993630573354e-01
8.153861464968152895e-01
8.248407643312102300e-01
8.344944267515923553e-01
8.402667197452229342e-01
8.454418789808917367e-01
8.500199044585987629e-01
8.548964968152866772e-01
8.585788216560509278e-01
8.611664012738853291e-01
8.640525477707006186e-01
8.660429936305732435e-01
8.677348726114649802e-01
8.691281847133758287e-01
8.714171974522293418e-01
8.725119426751591911e-01
8.735071656050955591e-01
8.750000000000000000e-01
8.757961783439490722e-01
8.785828025477706582e-01
8.786823248407643616e-01
8.821656050955414274e-01
8.832603503184713878e-01
8.841560509554140523e-01
8.860469745222929738e-01
8.871417197452229342e-01
8.885350318471337827e-01
8.892316878980891515e-01
8.904259554140127042e-01
8.921178343949044409e-01
8.920183121019108485e-01
8.936106687898088818e-01
8.953025477707006186e-01
8.958996815286623949e-01
8.973925159235668358e-01
8.980891719745223156e-01
8.989848726114649802e-01
8.992834394904458684e-01
9.005772292993630135e-01
9.019705414012738620e-01
9.013734076433120856e-01
9.026671974522293418e-01
9.017714968152866772e-01
9.036624203821655987e-01
9.026671974522293418e-01
9.036624203821655987e-01
9.069466560509553688e-01
9.067476114649681840e-01
9.057523885350318160e-01
9.075437898089171451e-01
9.076433121019108485e-01
9.076433121019108485e-01
9.085390127388535131e-01
9.088375796178344013e-01
9.101313694267515464e-01
9.099323248407643616e-01
9.112261146496815067e-01
9.109275477707006186e-01
9.116242038216560983e-01
9.113256369426752102e-01
9.114251592356688025e-01
9.122213375796178747e-01
9.121218152866241713e-01
9.132165605095541316e-01
9.133160828025477240e-01
9.134156050955414274e-01
9.130175159235668358e-01
9.147093949044585726e-01
9.136146496815286122e-01
9.149084394904458684e-01
9.154060509554140523e-01
9.141122611464967962e-01
9.144108280254776844e-01
9.168988853503184933e-01
9.167993630573247898e-01
9.163017515923567169e-01
9.161027070063694211e-01
9.177945859872611578e-01
9.172969745222929738e-01
9.179936305732484536e-01
9.178941082802547502e-01
9.184912420382165266e-01
9.190883757961783029e-01
9.183917197452229342e-01
9.194864649681528945e-01
9.202826433121018557e-01
9.206807324840764473e-01
9.216759554140127042e-01
9.207802547770700397e-01
9.201831210191082633e-01
9.213773885350318160e-01
9.213773885350318160e-01
9.212778662420382236e-01
9.215764331210191118e-01
9.218750000000000000e-01
9.212778662420382236e-01
9.229697452229299603e-01
9.232683121019108485e-01
9.233678343949044409e-01
9.224721337579617764e-01
9.235668789808917367e-01
9.233678343949044409e-01
9.245621019108279937e-01
9.238654458598726249e-01
9.244625796178344013e-01
9.246616242038216971e-01
9.252587579617834734e-01
9.250597133757961776e-01
9.259554140127388422e-01
9.271496815286623949e-01
9.277468152866241713e-01
9.275477707006369865e-01
9.278463375796178747e-01
9.286425159235668358e-01
9.279458598726114671e-01
9.280453821656050595e-01
9.280453821656050595e-01
9.290406050955414274e-01
9.278463375796178747e-01
9.281449044585987629e-01
9.296377388535032038e-01
9.286425159235668358e-01
9.296377388535032038e-01
9.290406050955414274e-01
9.292396496815286122e-01
9.302348726114649802e-01
9.306329617834394607e-01
9.296377388535032038e-01
9.309315286624203489e-01
9.316281847133758287e-01
9.314291401273885329e-01
9.307324840764331642e-01
9.310310509554140523e-01
9.324243630573247898e-01
9.325238853503184933e-01
9.322253184713376051e-01
9.331210191082802696e-01
9.339171974522293418e-01
9.338176751592356384e-01
9.341162420382165266e-01
9.335191082802547502e-01
9.341162420382165266e-01
9.344148089171974148e-01
9.346138535031847105e-01
9.346138535031847105e-01
9.360071656050955591e-01
9.360071656050955591e-01
9.360071656050955591e-01
9.348128980891720063e-01
9.355095541401273751e-01
9.364052547770700397e-01
9.356090764331209675e-01
9.365047770700637431e-01
9.352109872611464869e-01
9.351114649681528945e-01
9.356090764331209675e-01
9.375000000000000000e-01
9.363057324840764473e-01
9.367038216560509278e-01
9.373009554140127042e-01
9.374004777070064076e-01
9.380971337579617764e-01
9.386942675159235527e-01
9.389928343949044409e-01
9.380971337579617764e-01
9.392914012738853291e-01
9.385947452229299603e-01
9.385947452229299603e-01
9.393909235668790325e-01
9.398885350318471055e-01
9.399880573248408089e-01
9.389928343949044409e-01
9.399880573248408089e-01
9.401871019108279937e-01
9.386942675159235527e-01
9.397890127388535131e-01
9.395899681528662173e-01
9.407842356687897700e-01
9.411823248407643616e-01
9.414808917197452498e-01
9.408837579617834734e-01
9.423765923566879144e-01
9.421775477707006186e-01
9.422770700636943220e-01
9.429737261146496907e-01
9.420780254777070262e-01
9.433718152866241713e-01
9.424761146496815067e-01
9.436703821656050595e-01
9.429737261146496907e-01
9.424761146496815067e-01
9.418789808917197304e-01
9.422770700636943220e-01
9.426751592356688025e-01
9.431727707006369865e-01
