5.977308917197452498e-01
7.025278662420382236e-01
7.664211783439490722e-01
7.960788216560509278e-01
8.112062101910828549e-01
8.242436305732484536e-01
8.354896496815286122e-01
8.410628980891720063e-01
8.468351910828025852e-01
8.524084394904458684e-01
8.582802547770700397e-01
8.615644904458599207e-01
8.648487261146496907e-01
8.668391719745223156e-01
8.699243630573247898e-01
8.708200636942675654e-01
8.739052547770700397e-01
8.745023885350318160e-01
8.769904458598726249e-01
8.792794585987261380e-01
8.802746815286623949e-01
8.826632165605095004e-01
8.842555732484076447e-01
8.850517515923567169e-01
8.852507961783439017e-01
8.877388535031847105e-01
8.883359872611464869e-01
8.906250000000000000e-01
8.893312101910828549e-01
8.908240445859872958e-01
8.918192675159235527e-01
8.934116242038216971e-01
8.935111464968152895e-01
8.959992038216560983e-01
8.975915605095541316e-01
8.964968152866241713e-01
8.982882165605095004e-01
8.987858280254776844e-01
9.001791401273885329e-01
9.015724522292993814e-01
9.031648089171974148e-01
9.027667197452229342e-01
9.037619426751591911e-01
9.050557324840764473e-01
9.049562101910828549e-01
9.059514331210191118e-01
9.062500000000000000e-01
9.066480891719744806e-01
9.076433121019108485e-01
9.083399681528662173e-01
9.085390127388535131e-01
9.084394904458599207e-01
9.094347133757961776e-01
9.104299363057324346e-01
9.105294585987261380e-01
9.120222929936305789e-01
9.128184713375796511e-01
9.127189490445859477e-01
9.141122611464967962e-01
9.143113057324840920e-01
9.150079617834394607e-01
9.146098726114649802e-01
9.157046178343949405e-01
9.169984076433120856e-01
9.171974522292993814e-01
9.179936305732484536e-01
9.174960191082802696e-01
9.179936305732484536e-01
9.192874203821655987e-01
9.185907643312102300e-01
9.199840764331209675e-01
9.204816878980891515e-01
9.213773885350318160e-01
9.202826433121018557e-01
9.208797770700637431e-01
9.227707006369426646e-01
9.237659235668790325e-01
9.217754777070064076e-01
9.234673566878981443e-01
9.240644904458599207e-01
9.235668789808917367e-01
9.244625796178344013e-01
9.249601910828025852e-01
9.240644904458599207e-01
9.249601910828025852e-01
9.249601910828025852e-01
9.258558917197452498e-01
9.257563694267515464e-01
9.268511146496815067e-01
9.261544585987261380e-01
9.273487261146496907e-01
9.280453821656050595e-01
9.281449044585987629e-01
9.277468152866241713e-01
9.299363057324840920e-01
9.295382165605095004e-01
9.294386942675159080e-01
9.307324840764331642e-01
9.311305732484076447e-01
9.315286624203821253e-01
9.307324840764331642e-01
9.312300955414012371e-01
9.307324840764331642e-01
9.310310509554140523e-01
9.315286624203821253e-01
9.310310509554140523e-01
9.326234076433120856e-01
9.341162420382165266e-01
9.330214968152866772e-01
9.343152866242038224e-01
9.323248407643311975e-01
9.326234076433120856e-01
9.339171974522293418e-01
9.338176751592356384e-01
9.346138535031847105e-01
9.354100318471337827e-01
9.367038216560509278e-01
9.358081210191082633e-01
9.348128980891720063e-01
9.359076433121018557e-01
9.361066878980891515e-01
9.367038216560509278e-01
9.369028662420382236e-01
9.346138535031847105e-01
9.367038216560509278e-01
9.363057324840764473e-01
9.370023885350318160e-01
9.365047770700637431e-01
9.375000000000000000e-01
9.387937898089171451e-01
9.377985668789808882e-01
9.395899681528662173e-01
9.389928343949044409e-01
9.396894904458599207e-01
9.397890127388535131e-01
9.397890127388535131e-01
9.397890127388535131e-01
9.419785031847133228e-01
9.415804140127388422e-01
9.411823248407643616e-01
9.419785031847133228e-01
9.423765923566879144e-01
9.427746815286623949e-01
9.422770700636943220e-01
9.415804140127388422e-01
9.422770700636943220e-01
9.415804140127388422e-01
9.423765923566879144e-01
9.425756369426752102e-01
9.426751592356688025e-01
9.418789808917197304e-01
9.425756369426752102e-01
9.449641719745223156e-01
9.452627388535032038e-01
9.445660828025477240e-01
9.437699044585987629e-01
9.441679936305732435e-01
9.445660828025477240e-01
9.444665605095541316e-01
9.449641719745223156e-01
9.444665605095541316e-01
9.457603503184713878e-01
9.451632165605095004e-01
9.452627388535032038e-01
9.453622611464967962e-01
9.459593949044585726e-01
9.462579617834394607e-01
9.454617834394904996e-01
9.460589171974522760e-01
9.469546178343949405e-01
9.461584394904458684e-01
9.470541401273885329e-01
9.474522292993630135e-01
9.469546178343949405e-01
9.475517515923567169e-01
9.474522292993630135e-01
9.473527070063694211e-01
9.471536624203821253e-01
9.487460191082802696e-01
9.472531847133758287e-01
9.477507961783439017e-01
9.474522292993630135e-01
9.482484076433120856e-01
9.490445859872611578e-01
9.489450636942675654e-01
9.491441082802547502e-01
9.482484076433120856e-01
9.496417197452229342e-01
9.491441082802547502e-01
9.509355095541400793e-01
9.511345541401273751e-01
9.502388535031847105e-01
9.510350318471337827e-01
9.501393312101911182e-01
9.500398089171974148e-01
9.510350318471337827e-01
9.500398089171974148e-01
9.509355095541400793e-01
9.505374203821655987e-01
9.525278662420382236e-01
