1.908837579617834457e-01
2.834394904458598652e-01
3.399681528662420460e-01
3.685310509554139968e-01
3.941082802547770658e-01
4.068471337579617764e-01
4.230692675159235527e-01
4.365047770700636875e-01
4.482484076433120856e-01
4.568073248407643061e-01
4.641719745222929738e-01
4.680533439490445757e-01
4.750199044585987074e-01
4.833797770700636875e-01
4.909434713375795956e-01
4.918391719745223156e-01
4.971138535031847105e-01
5.009952229299362569e-01
5.054737261146496907e-01
5.074641719745223156e-01
5.085589171974522760e-01
5.128383757961783029e-01
5.191082802547770658e-01
5.224920382165605393e-01
5.180135350318471055e-01
5.235867834394904996e-01
5.269705414012738620e-01
5.297571656050955591e-01
5.294585987261146709e-01
5.298566878980891515e-01
5.337380573248408089e-01
5.317476114649681840e-01
5.377189490445859477e-01
5.371218152866241713e-01
5.394108280254776844e-01
5.419984076433120856e-01
5.414012738853503093e-01
5.434912420382165266e-01
5.428941082802547502e-01
5.460788216560509278e-01
5.468750000000000000e-01
5.458797770700637431e-01
5.470740445859872958e-01
5.451831210191082633e-01
5.474721337579617764e-01
5.476711783439490722e-01
5.478702229299362569e-01
5.492635350318471055e-01
5.504578025477706582e-01
5.523487261146496907e-01
5.516520700636943220e-01
5.528463375796178747e-01
5.494625796178344013e-01
5.510549363057324346e-01
5.515525477707006186e-01
5.549363057324840920e-01
5.538415605095541316e-01
5.560310509554140523e-01
5.564291401273885329e-01
5.544386942675159080e-01
5.571257961783439017e-01
5.562300955414012371e-01
5.554339171974522760e-01
5.557324840764331642e-01
5.558320063694267565e-01
5.555334394904458684e-01
5.578224522292993814e-01
5.549363057324840920e-01
5.542396496815286122e-01
5.563296178343949405e-01
5.578224522292993814e-01
5.554339171974522760e-01
5.578224522292993814e-01
5.595143312101911182e-01
5.616042993630573354e-01
5.566281847133758287e-01
5.580214968152866772e-01
5.546377388535032038e-01
5.567277070063694211e-01
5.589171974522293418e-01
5.551353503184713878e-01
5.573248407643311975e-01
5.579219745222929738e-01
5.588176751592356384e-01
5.605095541401273751e-01
5.575238853503184933e-01
5.580214968152866772e-01
5.578224522292993814e-01
5.568272292993630135e-01
5.538415605095541316e-01
5.574243630573247898e-01
5.587181528662420460e-01
5.552348726114649802e-01
5.590167197452229342e-01
5.572253184713376051e-01
5.573248407643311975e-01
5.538415605095541316e-01
5.558320063694267565e-01
5.589171974522293418e-01
5.573248407643311975e-01
