2.135748407643311975e-01
2.941878980891719508e-01
3.560907643312101745e-01
3.884355095541401348e-01
4.100318471337579540e-01
4.237659235668789770e-01
4.318272292993630690e-01
4.416799363057324901e-01
4.460589171974522205e-01
4.529259554140127597e-01
4.626791401273885329e-01
4.668590764331210230e-01
4.668590764331210230e-01
4.714371019108280492e-01
4.753184713375795956e-01
4.781050955414012926e-01
4.786027070063694211e-01
4.835788216560509278e-01
4.894506369426751546e-01
4.927348726114649802e-01
4.963176751592356939e-01
4.953224522292993814e-01
4.952229299363057335e-01
4.969148089171974703e-01
5.024880573248408089e-01
5.009952229299362569e-01
5.045780254777070262e-01
5.110469745222929738e-01
5.108479299363056780e-01
5.163216560509553688e-01
5.133359872611464869e-01
5.138335987261146709e-01
5.169187898089171451e-01
5.202030254777070262e-01
5.207006369426752102e-01
5.204020700636943220e-01
5.224920382165605393e-01
5.265724522292993814e-01
5.276671974522293418e-01
5.302547770700637431e-01
5.289609872611464869e-01
5.305533439490446312e-01
5.300557324840764473e-01
5.321457006369426646e-01
5.346337579617834734e-01
5.327428343949044409e-01
5.336385350318471055e-01
5.338375796178344013e-01
5.366242038216560983e-01
5.341361464968152895e-01
5.390127388535032038e-01
5.404060509554140523e-01
5.379179936305732435e-01
5.411027070063694211e-01
5.405055732484076447e-01
5.409036624203821253e-01
5.471735668789808882e-01
5.446855095541400793e-01
5.429936305732484536e-01
5.476711783439490722e-01
5.452826433121018557e-01
5.414012738853503093e-01
5.472730891719744806e-01
5.449840764331209675e-01
5.477707006369426646e-01
5.473726114649681840e-01
5.457802547770700397e-01
5.478702229299362569e-01
5.489649681528662173e-01
5.483678343949044409e-01
5.472730891719744806e-01
5.464769108280255194e-01
5.485668789808917367e-01
5.498606687898088818e-01
5.472730891719744806e-01
5.489649681528662173e-01
5.476711783439490722e-01
5.504578025477706582e-01
5.478702229299362569e-01
5.467754777070064076e-01
5.512539808917197304e-01
5.523487261146496907e-01
5.522492038216560983e-01
5.508558917197452498e-01
5.532444267515923553e-01
5.482683121019108485e-01
5.482683121019108485e-01
5.507563694267515464e-01
5.507563694267515464e-01
5.516520700636943220e-01
5.491640127388535131e-01
5.505573248407643616e-01
5.477707006369426646e-01
5.461783439490446312e-01
5.485668789808917367e-01
5.499601910828025852e-01
5.489649681528662173e-01
5.502587579617834734e-01
5.481687898089171451e-01
5.482683121019108485e-01
5.476711783439490722e-01
5.485668789808917367e-01
5.481687898089171451e-01
5.485668789808917367e-01
5.481687898089171451e-01
5.490644904458599207e-01
5.479697452229299603e-01
5.503582802547770658e-01
5.499601910828025852e-01
5.480692675159235527e-01
5.485668789808917367e-01
5.485668789808917367e-01
5.489649681528662173e-01
5.480692675159235527e-01
5.486664012738853291e-01
5.487659235668790325e-01
5.467754777070064076e-01
5.465764331210191118e-01
5.485668789808917367e-01
5.499601910828025852e-01
5.479697452229299603e-01
5.494625796178344013e-01
5.477707006369426646e-01
5.470740445859872958e-01
5.469745222929935924e-01
5.476711783439490722e-01
5.472730891719744806e-01
5.464769108280255194e-01
5.431926751592356384e-01
5.454816878980891515e-01
5.485668789808917367e-01
5.458797770700637431e-01
5.452826433121018557e-01
5.444864649681528945e-01
5.441878980891720063e-01
5.444864649681528945e-01
5.436902866242038224e-01
5.455812101910828549e-01
5.441878980891720063e-01
5.442874203821655987e-01
5.469745222929935924e-01
5.480692675159235527e-01
5.462778662420382236e-01
5.444864649681528945e-01
5.457802547770700397e-01
5.444864649681528945e-01
5.465764331210191118e-01
5.451831210191082633e-01
5.457802547770700397e-01
5.466759554140127042e-01
5.464769108280255194e-01
5.460788216560509278e-01
5.452826433121018557e-01
5.460788216560509278e-01
5.464769108280255194e-01
5.447850318471337827e-01
5.439888535031847105e-01
5.445859872611464869e-01
5.446855095541400793e-01
5.451831210191082633e-01
5.455812101910828549e-01
5.441878980891720063e-01
5.437898089171974148e-01
5.430931528662420460e-01
5.447850318471337827e-01
5.447850318471337827e-01
5.455812101910828549e-01
5.447850318471337827e-01
5.468750000000000000e-01
5.449840764331209675e-01
5.471735668789808882e-01
5.431926751592356384e-01
5.432921974522293418e-01
5.427945859872611578e-01
5.424960191082802696e-01
5.440883757961783029e-01
5.446855095541400793e-01
5.408041401273885329e-01
5.432921974522293418e-01
5.440883757961783029e-01
5.448845541401273751e-01
5.437898089171974148e-01
5.443869426751591911e-01
5.455812101910828549e-01
5.426950636942675654e-01
5.432921974522293418e-01
5.461783439490446312e-01
5.428941082802547502e-01
5.439888535031847105e-01
5.416003184713376051e-01
5.445859872611464869e-01
5.448845541401273751e-01
5.420979299363056780e-01
5.438893312101911182e-01
5.443869426751591911e-01
5.434912420382165266e-01
5.461783439490446312e-01
5.421974522292993814e-01
5.424960191082802696e-01
5.444864649681528945e-01
