2.323971518987341667e-01
2.898536392405063333e-01
3.317840189873417778e-01
3.591772151898734444e-01
3.788568037974683334e-01
4.128757911392405000e-01
3.917128164556962222e-01
4.050632911392405000e-01
3.928995253164557222e-01
4.060522151898734444e-01
4.260284810126582222e-01
4.235561708860759444e-01
4.365110759493671111e-01
4.489715189873417778e-01
4.376977848101265556e-01
4.395767405063291111e-01
4.416534810126582222e-01
4.665743670886076111e-01
4.447191455696202778e-01
4.844738924050632778e-01
4.806170886075949444e-01
4.610363924050632778e-01
4.633109177215190000e-01
4.631131329113923889e-01
4.886273734177215000e-01
4.222705696202531667e-01
4.548061708860759444e-01
4.903085443037974445e-01
4.715189873417721667e-01
5.038568037974683334e-01
4.775514240506328889e-01
4.516416139240506111e-01
4.966376582278481111e-01
4.376977848101265556e-01
4.611352848101265556e-01
4.938686708860759444e-01
4.780458860759493889e-01
4.724090189873417778e-01
4.821993670886076111e-01
4.953520569620253333e-01
4.721123417721518889e-01
4.832871835443037778e-01
4.760680379746835555e-01
4.917919303797468333e-01
4.807159810126582222e-01
5.175039556962025555e-01
4.755735759493671111e-01
5.121637658227847778e-01
4.979232594936708889e-01
4.749802215189873333e-01
4.830893987341772222e-01
5.154272151898734444e-01
4.834849683544303889e-01
4.953520569620253333e-01
4.966376582278481111e-01
4.765625000000000000e-01
5.010878164556962222e-01
5.005933544303797778e-01
5.061313291139240000e-01
5.140427215189873333e-01
5.075158227848101111e-01
4.876384493670886111e-01
5.096914556962025555e-01
4.934731012658227778e-01
5.194818037974683334e-01
4.995055379746835555e-01
5.039556962025316666e-01
4.975276898734177222e-01
5.178995253164556667e-01
5.009889240506328889e-01
4.912974683544303889e-01
4.778481012658227778e-01
4.836827531645569445e-01
4.824960443037974445e-01
5.089003164556962222e-01
5.081091772151898889e-01
4.923852848101265556e-01
4.980221518987341667e-01
4.866495253164557222e-01
4.964398734177215000e-01
5.099881329113924444e-01
4.863528481012658333e-01
4.976265822784810000e-01
5.113726265822784445e-01
4.715189873417721667e-01
5.035601265822784445e-01
5.018789556962025555e-01
5.079113924050633333e-01
5.178995253164556667e-01
5.058346518987342222e-01
5.008900316455696666e-01
5.035601265822784445e-01
4.985166139240506111e-01
5.077136075949366667e-01
5.182950949367088889e-01
5.040545886075948889e-01
5.026700949367088889e-01
5.177017405063291111e-01
5.149327531645570000e-01
5.001977848101265556e-01
5.055379746835443333e-01
5.135482594936708889e-01
4.814082278481012778e-01
4.936708860759493889e-01
4.990110759493671111e-01
5.173061708860760000e-01
5.053401898734176667e-01
5.182950949367088889e-01
5.002966772151898889e-01
4.856606012658227778e-01
4.831882911392405000e-01
5.068235759493671111e-01
5.071202531645570000e-01
5.057357594936708889e-01
4.972310126582278333e-01
4.968354430379746667e-01
5.147349683544303334e-01
4.976265822784810000e-01
4.860561708860759444e-01
5.125593354430380000e-01
5.075158227848101111e-01
5.030656645569620000e-01
5.213607594936708889e-01
4.952531645569620000e-01
5.196795886075948889e-01
5.153283227848101111e-01
4.866495253164557222e-01
4.869462025316455556e-01
5.170094936708861111e-01
5.126582278481012223e-01
5.128560126582278889e-01
4.943631329113923889e-01
5.197784810126582222e-01
4.881329113924050556e-01
4.920886075949367222e-01
5.088014240506328889e-01
4.910996835443037778e-01
4.899129746835442778e-01
5.041534810126582222e-01
5.086036392405063333e-01
4.981210443037974445e-01
5.032634493670885556e-01
4.964398734177215000e-01
4.774525316455696111e-01
4.907041139240506111e-01
5.037579113924051111e-01
5.143393987341772222e-01
4.947587025316455556e-01
5.090981012658227778e-01
5.040545886075948889e-01
4.779469936708860556e-01
5.040545886075948889e-01
5.122626582278481111e-01
5.011867088607594445e-01
5.020767405063291111e-01
5.158227848101265556e-01
5.062302215189873333e-01
5.001977848101265556e-01
4.956487341772151667e-01
4.904074367088607778e-01
4.981210443037974445e-01
5.208662974683544444e-01
5.048457278481012223e-01
5.167128164556962222e-01
4.907041139240506111e-01
5.053401898734176667e-01
5.122626582278481111e-01
5.030656645569620000e-01
4.949564873417721667e-01
4.947587025316455556e-01
5.126582278481012223e-01
4.737935126582278333e-01
5.105814873417721111e-01
5.174050632911392222e-01
5.133504746835443333e-01
5.036590189873417778e-01
4.963409810126582222e-01
5.006922468354430000e-01
4.987143987341772222e-01
5.169106012658227778e-01
4.906052215189873333e-01
5.030656645569620000e-01
4.869462025316455556e-01
5.159216772151898889e-01
4.809137658227848333e-01
4.844738924050632778e-01
5.002966772151898889e-01
4.723101265822785000e-01
4.949564873417721667e-01
5.070213607594936667e-01
5.004944620253164445e-01
5.038568037974683334e-01
4.976265822784810000e-01
4.995055379746835555e-01
4.787381329113923889e-01
5.175039556962025555e-01
5.017800632911392222e-01
5.000988924050633333e-01
4.999011075949367222e-01
4.917919303797468333e-01
