2.656250000000000000e-01
3.336629746835442778e-01
3.836036392405063333e-01
3.932950949367088334e-01
3.954707278481012778e-01
4.142602848101265556e-01
3.906250000000000000e-01
4.422468354430380000e-01
4.354232594936708889e-01
4.499604430379746667e-01
4.547072784810126667e-01
4.039754746835442778e-01
4.367088607594936667e-01
4.618275316455696111e-01
4.173259493670886111e-01
4.544106012658227778e-01
4.555973101265822778e-01
4.632120253164557222e-01
4.616297468354430555e-01
4.656843354430380000e-01
4.602452531645569445e-01
4.654865506329113889e-01
4.785403481012658333e-01
4.899129746835442778e-01
4.763647151898734444e-01
4.740901898734177222e-01
4.675632911392405000e-01
4.870450949367088334e-01
4.739912974683544444e-01
4.903085443037974445e-01
4.581685126582278333e-01
5.011867088607594445e-01
4.634098101265822778e-01
5.170094936708861111e-01
4.992088607594936667e-01
4.895174050632911666e-01
5.154272151898734444e-01
5.115704113924051111e-01
5.193829113924051111e-01
5.020767405063291111e-01
4.942642405063291111e-01
5.259098101265823333e-01
5.180973101265823333e-01
5.147349683544303334e-01
5.237341772151898889e-01
5.063291139240506666e-01
5.132515822784810000e-01
5.042523734177215555e-01
5.236352848101265556e-01
5.297666139240506666e-01
5.068235759493671111e-01
5.100870253164556667e-01
4.888251582278481111e-01
5.268987341772152222e-01
5.357001582278481111e-01
5.221518987341772222e-01
5.171083860759493334e-01
5.326344936708861111e-01
5.231408227848101111e-01
5.227452531645570000e-01
5.347112341772152222e-01
5.060324367088607778e-01
4.956487341772151667e-01
5.067246835443037778e-01
5.302610759493671111e-01
5.296677215189873333e-01
5.295688291139240000e-01
5.338212025316455556e-01
5.223496835443037778e-01
5.222507911392405555e-01
5.185917721518987777e-01
5.259098101265823333e-01
5.250197784810126667e-01
5.012856012658227778e-01
5.254153481012657778e-01
5.317444620253164445e-01
5.029667721518987777e-01
4.986155063291139444e-01
5.420292721518987777e-01
5.265031645569620000e-01
5.254153481012657778e-01
5.258109177215190000e-01
5.305577531645570000e-01
5.426226265822784445e-01
5.366890822784810000e-01
5.197784810126582222e-01
5.258109177215190000e-01
5.146360759493671111e-01
5.054390822784810000e-01
5.303599683544303334e-01
5.353045886075948889e-01
5.440071202531645556e-01
5.295688291139240000e-01
5.307555379746835555e-01
5.361946202531645556e-01
5.146360759493671111e-01
5.363924050632911111e-01
5.238330696202531112e-01
5.243275316455696666e-01
5.362935126582278889e-01
5.341178797468354444e-01
5.429193037974683334e-01
5.228441455696202222e-01
5.310522151898734444e-01
5.311511075949366667e-01
5.359968354430380000e-01
5.476661392405063333e-01
5.240308544303797778e-01
5.256131329113924444e-01
5.360957278481012223e-01
5.386669303797468888e-01
5.367879746835443333e-01
5.042523734177215555e-01
5.012856012658227778e-01
5.269976265822784445e-01
5.317444620253164445e-01
5.251186708860760000e-01
5.229430379746835555e-01
5.162183544303797778e-01
5.260087025316455556e-01
5.374802215189873333e-01
5.160205696202531112e-01
5.334256329113924444e-01
5.284810126582278889e-01
5.374802215189873333e-01
5.144382911392405555e-01
5.325356012658227778e-01
5.156250000000000000e-01
5.349090189873417778e-01
5.329311708860760000e-01
5.376780063291138889e-01
5.400514240506328889e-01
5.369857594936708889e-01
5.377768987341772222e-01
5.286787974683544444e-01
5.267009493670885556e-01
5.385680379746835555e-01
5.399525316455696666e-01
5.347112341772152222e-01
5.238330696202531112e-01
5.320411392405063333e-01
5.316455696202531112e-01
5.303599683544303334e-01
5.400514240506328889e-01
5.487539556962025555e-01
5.459849683544303334e-01
5.329311708860760000e-01
5.318433544303797778e-01
5.375791139240506666e-01
5.389636075949366667e-01
5.367879746835443333e-01
5.392602848101265556e-01
5.088014240506328889e-01
5.449960443037974445e-01
5.127571202531645556e-01
5.435126582278481111e-01
5.277887658227847778e-01
5.394580696202531112e-01
5.355023734177215555e-01
5.378757911392405555e-01
5.286787974683544444e-01
5.357001582278481111e-01
5.339200949367088889e-01
5.466772151898734444e-01
5.469738924050633333e-01
5.360957278481012223e-01
5.300632911392405555e-01
5.393591772151898889e-01
5.364912974683544444e-01
5.380735759493671111e-01
5.393591772151898889e-01
5.230419303797468888e-01
5.270965189873417778e-01
5.227452531645570000e-01
5.130537974683544444e-01
5.213607594936708889e-01
4.908030063291139444e-01
5.253164556962025555e-01
5.075158227848101111e-01
5.246242088607594445e-01
5.270965189873417778e-01
5.388647151898734444e-01
5.285799050632911111e-01
5.401503164556962222e-01
5.463805379746835555e-01
5.152294303797468888e-01
5.213607594936708889e-01
5.335245253164556667e-01
5.355023734177215555e-01
5.336234177215190000e-01
5.150316455696202222e-01
5.205696202531645556e-01
5.246242088607594445e-01
5.290743670886075556e-01
5.249208860759493334e-01
5.189873417721518889e-01
5.298655063291138889e-01
5.212618670886075556e-01
5.374802215189873333e-01
5.296677215189873333e-01
