2.403085443037974722e-01
3.021162974683544444e-01
3.669897151898734444e-01
3.969541139240506111e-01
3.945806962025316666e-01
3.854825949367088334e-01
3.891416139240506111e-01
4.380933544303797222e-01
3.978441455696202778e-01
4.697389240506328889e-01
4.583662974683544444e-01
4.217761075949367222e-01
4.495648734177215000e-01
4.452136075949367222e-01
4.508504746835442778e-01
4.671677215189873333e-01
4.627175632911392222e-01
4.269185126582278333e-01
4.588607594936708889e-01
4.692444620253164445e-01
4.846716772151898889e-01
4.842761075949367222e-01
4.959454113924050556e-01
4.758702531645569445e-01
4.574762658227848333e-01
4.754746835443037778e-01
4.690466772151898889e-01
4.890229430379746667e-01
4.776503164556962222e-01
5.059335443037974445e-01
5.018789556962025555e-01
4.677610759493671111e-01
4.760680379746835555e-01
5.036590189873417778e-01
5.080102848101265556e-01
4.951542721518987222e-01
4.807159810126582222e-01
4.921875000000000000e-01
4.821004746835442778e-01
4.784414556962025555e-01
5.130537974683544444e-01
4.961431962025316666e-01
5.257120253164556667e-01
5.176028481012657778e-01
4.926819620253164445e-01
4.923852848101265556e-01
5.164161392405063333e-01
5.108781645569620000e-01
5.155261075949366667e-01
5.075158227848101111e-01
5.295688291139240000e-01
5.168117088607594445e-01
5.039556962025316666e-01
5.343156645569620000e-01
5.072191455696202222e-01
5.279865506329114444e-01
5.095925632911392222e-01
5.127571202531645556e-01
4.870450949367088334e-01
5.220530063291138889e-01
5.106803797468354444e-01
5.079113924050633333e-01
5.304588607594936667e-01
5.203718354430380000e-01
5.372824367088607778e-01
5.353045886075948889e-01
5.346123417721518889e-01
5.245253164556962222e-01
5.074169303797468888e-01
5.429193037974683334e-01
5.236352848101265556e-01
5.178995253164556667e-01
5.292721518987342222e-01
5.229430379746835555e-01
5.099881329113924444e-01
5.296677215189873333e-01
5.420292721518987777e-01
5.361946202531645556e-01
5.367879746835443333e-01
5.211629746835443333e-01
5.165150316455696666e-01
5.219541139240506666e-01
5.207674050632911111e-01
5.140427215189873333e-01
5.334256329113924444e-01
5.417325949367088889e-01
5.260087025316455556e-01
5.260087025316455556e-01
5.198773734177215555e-01
5.481606012658227778e-01
5.370846518987342222e-01
5.303599683544303334e-01
5.489517405063291111e-01
5.424248417721518889e-01
5.321400316455696666e-01
5.317444620253164445e-01
5.147349683544303334e-01
5.220530063291138889e-01
5.360957278481012223e-01
5.320411392405063333e-01
