2.305181962025316389e-01
2.847112341772151667e-01
3.443433544303797222e-01
3.179390822784810000e-01
3.537381329113923889e-01
3.317840189873417778e-01
3.495846518987341667e-01
3.960640822784810000e-01
4.118868670886076111e-01
4.120846518987341667e-01
4.469936708860759444e-01
4.567840189873417778e-01
4.169303797468354444e-01
4.605419303797468333e-01
4.409612341772151667e-01
4.148536392405063333e-01
4.616297468354430555e-01
4.585640822784810000e-01
4.559928797468354444e-01
4.364121835443037778e-01
4.698378164556962222e-01
4.949564873417721667e-01
4.739912974683544444e-01
4.753757911392405000e-01
4.349287974683544444e-01
4.801226265822785000e-01
4.536194620253164445e-01
4.552017405063291111e-01
4.724090189873417778e-01
4.821004746835442778e-01
4.881329113924050556e-01
4.763647151898734444e-01
4.643987341772151667e-01
4.853639240506328889e-01
4.726068037974683334e-01
4.939675632911392222e-01
5.073180379746835555e-01
4.600474683544303889e-01
4.811115506329113889e-01
4.875395569620253333e-01
5.001977848101265556e-01
4.943631329113923889e-01
4.760680379746835555e-01
5.147349683544303334e-01
4.653876582278481111e-01
4.918908227848101111e-01
4.946598101265822778e-01
5.017800632911392222e-01
4.707278481012658333e-01
4.781447784810126667e-01
4.997033227848101111e-01
5.151305379746835555e-01
5.165150316455696666e-01
4.978243670886076111e-01
5.222507911392405555e-01
4.921875000000000000e-01
4.934731012658227778e-01
5.157238924050633333e-01
5.033623417721518889e-01
5.096914556962025555e-01
4.819026898734177222e-01
4.976265822784810000e-01
5.287776898734176667e-01
4.989121835443037778e-01
5.116693037974683334e-01
4.901107594936708889e-01
4.751780063291139444e-01
5.051424050632911111e-01
5.182950949367088889e-01
5.133504746835443333e-01
4.927808544303797222e-01
5.048457278481012223e-01
5.106803797468354444e-01
5.104825949367088889e-01
5.184928797468354444e-01
5.125593354430380000e-01
5.002966772151898889e-01
5.156250000000000000e-01
5.187895569620253333e-01
5.164161392405063333e-01
4.860561708860759444e-01
4.977254746835442778e-01
4.991099683544303889e-01
5.025712025316455556e-01
5.196795886075948889e-01
5.221518987341772222e-01
5.319422468354430000e-01
5.040545886075948889e-01
5.030656645569620000e-01
5.183939873417721111e-01
5.207674050632911111e-01
5.297666139240506666e-01
5.087025316455696666e-01
5.151305379746835555e-01
5.089003164556962222e-01
4.961431962025316666e-01
5.017800632911392222e-01
5.087025316455696666e-01
5.212618670886075556e-01
4.978243670886076111e-01
5.199762658227847778e-01
4.960443037974683334e-01
5.117681962025316666e-01
5.186906645569620000e-01
5.048457278481012223e-01
5.019778481012657778e-01
5.278876582278481111e-01
5.178006329113924444e-01
5.151305379746835555e-01
5.213607594936708889e-01
5.143393987341772222e-01
5.264042721518987777e-01
5.261075949367088889e-01
5.292721518987342222e-01
5.144382911392405555e-01
5.265031645569620000e-01
5.223496835443037778e-01
5.134493670886075556e-01
5.130537974683544444e-01
5.005933544303797778e-01
5.049446202531645556e-01
5.214596518987342222e-01
5.182950949367088889e-01
5.040545886075948889e-01
5.076147151898734444e-01
5.234375000000000000e-01
5.238330696202531112e-01
5.234375000000000000e-01
5.106803797468354444e-01
5.044501582278481111e-01
5.163172468354430000e-01
4.807159810126582222e-01
5.123615506329114444e-01
4.845727848101265556e-01
5.196795886075948889e-01
5.195806962025316666e-01
5.123615506329114444e-01
5.113726265822784445e-01
5.173061708860760000e-01
5.003955696202531112e-01
5.107792721518987777e-01
5.127571202531645556e-01
5.163172468354430000e-01
4.893196202531645556e-01
5.201740506329114444e-01
4.749802215189873333e-01
5.178006329113924444e-01
5.220530063291138889e-01
5.227452531645570000e-01
4.980221518987341667e-01
5.158227848101265556e-01
5.060324367088607778e-01
4.929786392405063333e-01
5.257120253164556667e-01
5.268987341772152222e-01
5.218552215189873333e-01
5.090981012658227778e-01
5.092958860759493334e-01
5.122626582278481111e-01
5.219541139240506666e-01
4.877373417721518889e-01
4.954509493670886111e-01
4.951542721518987222e-01
5.084058544303797778e-01
4.852650316455696111e-01
5.158227848101265556e-01
4.936708860759493889e-01
5.147349683544303334e-01
5.245253164556962222e-01
5.155261075949366667e-01
4.897151898734177222e-01
5.121637658227847778e-01
5.164161392405063333e-01
5.188884493670885556e-01
5.199762658227847778e-01
4.950553797468354444e-01
5.197784810126582222e-01
4.996044303797468333e-01
5.198773734177215555e-01
5.178006329113924444e-01
4.900118670886076111e-01
5.122626582278481111e-01
4.886273734177215000e-01
5.143393987341772222e-01
5.115704113924051111e-01
5.015822784810126667e-01
5.181962025316455556e-01
5.147349683544303334e-01
5.073180379746835555e-01
5.186906645569620000e-01
5.117681962025316666e-01
5.016811708860760000e-01
4.889240506329113889e-01
5.014833860759493334e-01
5.179984177215190000e-01
5.238330696202531112e-01
4.986155063291139444e-01
4.981210443037974445e-01
5.096914556962025555e-01
5.102848101265823333e-01
